0.966016 -0.030862 -0.214933 0.000000 0.000000 0.979383 -0.143587 0.000000 0.214933 0.138708 0.966016 0.000000 0.000000 0.000000 0.000000 1.000000
0.932453 0.064374 0.233482 0.000000 0.000000 0.923983 -0.275712 0.000000 -0.233482 0.257089 0.932453 0.000000 0.000000 0.000000 0.000000 1.000000
0.751052 0.180872 0.582738 0.000000 0.000000 0.903663 -0.310382 0.000000 -0.582738 0.233113 0.751052 0.000000 0.000000 0.000000 0.000000 1.000000
0.998201 0.001630 0.032253 0.000000 0.000000 0.997445 -0.050551 0.000000 -0.032253 0.050460 0.998201 0.000000 0.000000 0.000000 0.000000 1.000000
0.880878 0.030351 0.468896 0.000000 0.000000 0.995810 -0.064729 0.000000 -0.468896 0.057019 0.880878 0.000000 0.000000 0.000000 0.000000 1.000000
0.968587 -0.014616 0.060602 0.000000 0.000000 0.941834 0.241176 0.000000 -0.060602 -0.233600 0.968587 0.000000 0.000000 0.000000 0.000000 1.000000
0.971729 0.024608 -0.121594 0.000000 0.000000 0.959042 0.202380 0.000000 0.121594 -0.196659 0.971729 0.000000 0.000000 0.000000 0.000000 1.000000
0.913424 -0.051076 0.384752 0.000000 0.000000 0.982377 0.132751 0.000000 -0.384752 -0.121258 0.913424 0.000000 0.000000 0.000000 0.000000 1.000000
0.965409 -0.026345 -0.111855 0.000000 0.000000 0.944526 -0.235529 0.000000 0.111855 0.227382 0.965409 0.000000 0.000000 0.000000 0.000000 1.000000
0.967807 -0.006306 -0.025179 0.000000 0.000000 0.937285 -0.250431 0.000000 0.025179 0.242368 0.967807 0.000000 0.000000 0.000000 0.000000 1.000000
0.962345 0.017980 0.068339 0.000000 0.000000 0.930778 -0.263101 0.000000 -0.068339 0.253194 0.962345 0.000000 0.000000 0.000000 0.000000 1.000000
0.952380 0.042325 0.165114 0.000000 0.000000 0.934290 -0.256339 0.000000 -0.165114 0.244132 0.952380 0.000000 0.000000 0.000000 0.000000 1.000000
0.967340 -0.032096 -0.175254 0.000000 0.000000 0.966461 -0.183137 0.000000 0.175254 0.177156 0.967340 0.000000 0.000000 0.000000 0.000000 1.000000
0.982028 -0.015579 -0.095803 0.000000 0.000000 0.973558 -0.162610 0.000000 0.095803 0.159688 0.982028 0.000000 0.000000 0.000000 0.000000 1.000000
0.983814 -0.006876 -0.039330 0.000000 0.000000 0.969437 -0.174822 0.000000 0.039330 0.171993 0.983814 0.000000 0.000000 0.000000 0.000000 1.000000
0.983040 0.006276 0.034857 0.000000 0.000000 0.967582 -0.180049 0.000000 -0.034857 0.176996 0.983040 0.000000 0.000000 0.000000 0.000000 1.000000
0.970956 0.027085 0.139169 0.000000 0.000000 0.962124 -0.194618 0.000000 -0.139169 0.188966 0.970956 0.000000 0.000000 0.000000 0.000000 1.000000
0.950708 0.047594 0.234246 0.000000 0.000000 0.958717 -0.203181 0.000000 -0.234246 0.193166 0.950708 0.000000 0.000000 0.000000 0.000000 1.000000
0.959306 -0.031139 -0.254479 0.000000 0.000000 0.985027 -0.122364 0.000000 0.254479 0.117384 0.959306 0.000000 0.000000 0.000000 0.000000 1.000000
0.982657 -0.015978 -0.153433 0.000000 0.000000 0.989156 -0.104135 0.000000 0.153433 0.102329 0.982657 0.000000 0.000000 0.000000 0.000000 1.000000
0.991601 -0.008306 -0.085932 0.000000 0.000000 0.990657 -0.096658 0.000000 0.085932 0.095846 0.991601 0.000000 0.000000 0.000000 0.000000 1.000000
0.996220 -0.002590 -0.032080 0.000000 0.000000 0.993483 -0.080726 0.000000 0.032080 0.080421 0.996220 0.000000 0.000000 0.000000 0.000000 1.000000
0.996216 0.001579 0.018604 0.000000 0.000000 0.992793 -0.084893 0.000000 -0.018604 0.084572 0.996216 0.000000 0.000000 0.000000 0.000000 1.000000
0.989718 0.010215 0.103788 0.000000 0.000000 0.990313 -0.098420 0.000000 -0.103788 0.097408 0.989718 0.000000 0.000000 0.000000 0.000000 1.000000
0.967536 0.027718 0.218636 0.000000 0.000000 0.983928 -0.126777 0.000000 -0.218636 0.122661 0.967536 0.000000 0.000000 0.000000 0.000000 1.000000
0.946298 0.040391 0.292271 0.000000 0.000000 0.980901 -0.138198 0.000000 -0.292271 0.130776 0.946298 0.000000 0.000000 0.000000 0.000000 1.000000
0.983269 -0.007890 -0.176594 0.000000 0.000000 0.998004 -0.044681 0.000000 0.176594 0.043934 0.983269 0.000000 0.000000 0.000000 0.000000 1.000000
0.996758 -0.002435 -0.073264 0.000000 0.000000 0.998895 -0.033242 0.000000 0.073264 0.033135 0.996758 0.000000 0.000000 0.000000 0.000000 1.000000
0.999281 -0.000714 -0.025252 0.000000 0.000000 0.999201 -0.028271 0.000000 0.025252 0.028250 0.999281 0.000000 0.000000 0.000000 0.000000 1.000000
0.999695 0.000275 0.013126 0.000000 0.000000 0.999562 -0.020928 0.000000 -0.013126 0.020921 0.999695 0.000000 0.000000 0.000000 0.000000 1.000000
0.996088 0.002332 0.083886 0.000000 0.000000 0.999227 -0.027795 0.000000 -0.083886 0.027686 0.996088 0.000000 0.000000 0.000000 0.000000 1.000000
0.980450 0.008156 0.192138 0.000000 0.000000 0.998198 -0.042446 0.000000 -0.192138 0.041617 0.980450 0.000000 0.000000 0.000000 0.000000 1.000000
0.956341 0.016368 0.286620 0.000000 0.000000 0.996739 -0.057106 0.000000 -0.286620 0.054612 0.956341 0.000000 0.000000 0.000000 0.000000 1.000000
0.982689 -0.001537 -0.185079 0.000000 0.000000 0.999931 -0.008305 0.000000 0.185079 0.008161 0.982689 0.000000 0.000000 0.000000 0.000000 1.000000
0.997168 -0.000617 -0.074758 0.000000 0.000000 0.999932 -0.008258 0.000000 0.074758 0.008235 0.997168 0.000000 0.000000 0.000000 0.000000 1.000000
0.999829 -0.000067 -0.018137 0.000000 0.000000 0.999986 -0.003684 0.000000 0.018137 0.003684 0.999829 0.000000 0.000000 0.000000 0.000000 1.000000
0.999829 -0.000067 0.018137 0.000000 0.000000 0.999986 0.003683 0.000000 -0.018137 -0.003683 0.999829 0.000000 0.000000 0.000000 0.000000 1.000000
0.997168 -0.000617 0.074756 0.000000 0.000000 0.999932 0.008258 0.000000 -0.074756 -0.008234 0.997168 0.000000 0.000000 0.000000 0.000000 1.000000
0.983340 -0.001850 0.181492 0.000000 0.000000 0.999896 0.010194 0.000000 -0.181492 -0.010024 0.983340 0.000000 0.000000 0.000000 0.000000 1.000000
0.959496 -0.003792 0.281399 0.000000 0.000000 0.999818 0.013475 0.000000 -0.281399 -0.012929 0.959496 0.000000 0.000000 0.000000 0.000000 1.000000
0.978266 0.009009 -0.202527 0.000000 0.000000 0.998021 0.044482 0.000000 0.202527 -0.043515 0.978266 0.000000 0.000000 0.000000 0.000000 1.000000
0.996088 0.002332 -0.083887 0.000000 0.000000 0.999227 0.027796 0.000000 0.083887 -0.027687 0.996088 0.000000 0.000000 0.000000 0.000000 1.000000
0.999695 0.000275 -0.013126 0.000000 0.000000 0.999562 0.020928 0.000000 0.013126 -0.020921 0.999695 0.000000 0.000000 0.000000 0.000000 1.000000
0.999281 -0.000714 0.025252 0.000000 0.000000 0.999201 0.028272 0.000000 -0.025252 -0.028251 0.999281 0.000000 0.000000 0.000000 0.000000 1.000000
0.996758 -0.002435 0.073265 0.000000 0.000000 0.998895 0.033241 0.000000 -0.073265 -0.033133 0.996758 0.000000 0.000000 0.000000 0.000000 1.000000
0.982725 -0.008460 0.178930 0.000000 0.000000 0.997764 0.047282 0.000000 -0.178930 -0.046465 0.982725 0.000000 0.000000 0.000000 0.000000 1.000000
0.956591 -0.019883 0.282828 0.000000 0.000000 0.995058 0.070300 0.000000 -0.282828 -0.067249 0.956591 0.000000 0.000000 0.000000 0.000000 1.000000
0.964361 0.029402 -0.232379 0.000000 0.000000 0.983991 0.126525 0.000000 0.232379 -0.122016 0.964361 0.000000 0.000000 0.000000 0.000000 1.000000
0.989715 0.010218 -0.103798 0.000000 0.000000 0.990310 0.098437 0.000000 0.103798 -0.097424 0.989715 0.000000 0.000000 0.000000 0.000000 1.000000
0.996216 0.001579 -0.018603 0.000000 0.000000 0.992793 0.084892 0.000000 0.018603 -0.084571 0.996216 0.000000 0.000000 0.000000 0.000000 1.000000
0.996220 -0.002590 0.032080 0.000000 0.000000 0.993483 0.080726 0.000000 -0.032080 -0.080421 0.996220 0.000000 0.000000 0.000000 0.000000 1.000000
0.991075 -0.008827 0.088728 0.000000 0.000000 0.990103 0.099483 0.000000 -0.088728 -0.098595 0.991075 0.000000 0.000000 0.000000 0.000000 1.000000
0.981178 -0.017500 0.158354 0.000000 0.000000 0.987786 0.110515 0.000000 -0.158354 -0.108435 0.981178 0.000000 0.000000 0.000000 0.000000 1.000000
0.968813 0.028333 -0.137401 0.000000 0.000000 0.957478 0.206209 0.000000 0.137401 -0.199778 0.968813 0.000000 0.000000 0.000000 0.000000 1.000000
0.979922 0.006747 -0.034356 0.000000 0.000000 0.961428 0.196397 0.000000 0.034356 -0.192454 0.979922 0.000000 0.000000 0.000000 0.000000 1.000000
0.980300 -0.008227 0.042660 0.000000 0.000000 0.962809 0.192851 0.000000 -0.042660 -0.189052 0.980300 0.000000 0.000000 0.000000 0.000000 1.000000
0.978650 -0.018298 0.102813 0.000000 0.000000 0.968326 0.177971 0.000000 -0.102813 -0.174171 0.978650 0.000000 0.000000 0.000000 0.000000 1.000000
0.940612 -0.057551 -0.233942 0.000000 0.000000 0.939480 -0.246007 0.000000 0.233942 0.231397 0.940612 0.000000 0.000000 0.000000 0.000000 1.000000
0.898486 0.074858 0.188901 0.000000 0.000000 0.842960 -0.396283 0.000000 -0.188901 0.356054 0.898486 0.000000 0.000000 0.000000 0.000000 1.000000
0.711226 0.240175 0.552339 0.000000 0.000000 0.810921 -0.434832 0.000000 -0.552339 0.309264 0.711226 0.000000 0.000000 0.000000 0.000000 1.000000
0.905103 -0.088576 -0.268990 0.000000 0.000000 0.891567 -0.329291 0.000000 0.268990 0.298042 0.905103 0.000000 0.000000 0.000000 0.000000 1.000000
0.957095 0.036893 0.148139 0.000000 0.000000 0.937976 -0.249046 0.000000 -0.148139 0.238361 0.957095 0.000000 0.000000 0.000000 0.000000 1.000000
0.856412 0.071088 0.496002 0.000000 0.000000 0.979459 -0.143321 0.000000 -0.496002 0.122742 0.856412 0.000000 0.000000 0.000000 0.000000 1.000000
0.953357 -0.022853 -0.078403 0.000000 0.000000 0.915036 -0.291485 0.000000 0.078403 0.277889 0.953357 0.000000 0.000000 0.000000 0.000000 1.000000
0.845144 0.142776 0.384621 0.000000 0.000000 0.862201 -0.371213 0.000000 -0.384621 0.313728 0.845144 0.000000 0.000000 0.000000 0.000000 1.000000
0.982159 0.014865 0.090044 0.000000 0.000000 0.972745 -0.165091 0.000000 -0.090044 0.162146 0.982159 0.000000 0.000000 0.000000 0.000000 1.000000
0.878558 0.016796 0.476332 0.000000 0.000000 0.998757 -0.035261 0.000000 -0.476332 0.030979 0.878558 0.000000 0.000000 0.000000 0.000000 1.000000
0.929781 -0.053747 -0.330161 0.000000 0.000000 0.973499 -0.162790 0.000000 0.330161 0.151359 0.929781 0.000000 0.000000 0.000000 0.000000 1.000000
0.943311 0.032980 0.104710 0.000000 0.000000 0.900799 -0.314961 0.000000 -0.104710 0.297106 0.943311 0.000000 0.000000 0.000000 0.000000 1.000000
0.697209 0.244722 0.579028 0.000000 0.000000 0.821374 -0.422642 0.000000 -0.579028 0.294670 0.697209 0.000000 0.000000 0.000000 0.000000 1.000000
0.830222 -0.132103 -0.486973 0.000000 0.000000 0.926411 -0.271273 0.000000 0.486973 0.225217 0.830222 0.000000 0.000000 0.000000 0.000000 1.000000
0.969812 -0.023559 -0.107677 0.000000 0.000000 0.952129 -0.218794 0.000000 0.107677 0.212189 0.969812 0.000000 0.000000 0.000000 0.000000 1.000000
0.978195 0.020395 0.169062 0.000000 0.000000 0.985447 -0.120636 0.000000 -0.169062 0.118005 0.978195 0.000000 0.000000 0.000000 0.000000 1.000000
0.876502 -0.012206 0.480729 0.000000 0.000000 0.999355 0.025391 0.000000 -0.480729 -0.022255 0.876502 0.000000 0.000000 0.000000 0.000000 1.000000
0.451305 0.288274 0.820249 0.000000 0.000000 0.876485 -0.351447 0.000000 -0.820249 0.158610 0.451305 0.000000 0.000000 0.000000 0.000000 1.000000
0.804586 0.098807 0.567764 0.000000 0.000000 0.969714 -0.174028 0.000000 -0.567764 0.140020 0.804586 0.000000 0.000000 0.000000 0.000000 1.000000
0.953855 -0.040674 -0.160127 0.000000 0.000000 0.935480 -0.254008 0.000000 0.160127 0.242287 0.953855 0.000000 0.000000 0.000000 0.000000 1.000000
0.973490 0.000604 0.228714 0.000000 0.000000 0.999993 -0.002640 0.000000 -0.228714 0.002570 0.973490 0.000000 0.000000 0.000000 0.000000 1.000000
0.889874 0.030638 -0.451122 0.000000 0.000000 0.995388 0.067915 0.000000 0.451122 -0.060435 0.889874 0.000000 0.000000 0.000000 0.000000 1.000000
0.623964 0.110917 0.767991 0.000000 0.000000 0.979141 -0.144425 0.000000 -0.767991 0.090116 0.623964 0.000000 0.000000 0.000000 0.000000 1.000000
0.795385 -0.089035 -0.586805 0.000000 0.000000 0.976978 -0.151729 0.000000 0.586805 0.120683 0.795385 0.000000 0.000000 0.000000 0.000000 1.000000
0.604407 0.056107 -0.070705 0.000000 0.000000 0.370307 0.793532 0.000000 0.070705 -0.479616 0.604407 0.000000 0.000000 0.000000 0.000000 1.000000
0.802299 -0.160318 0.505831 0.000000 0.000000 0.899549 0.316940 0.000000 -0.505831 -0.254281 0.802299 0.000000 0.000000 0.000000 0.000000 1.000000
0.723133 0.216237 -0.582452 0.000000 0.000000 0.862172 0.371252 0.000000 0.582452 -0.268465 0.723133 0.000000 0.000000 0.000000 0.000000 1.000000
0.690505 -0.114045 0.705007 0.000000 0.000000 0.973832 0.161764 0.000000 -0.705007 -0.111699 0.690505 0.000000 0.000000 0.000000 0.000000 1.000000
0.757363 0.164513 -0.278551 0.000000 0.000000 0.651190 0.590602 0.000000 0.278551 -0.447300 0.757363 0.000000 0.000000 0.000000 0.000000 1.000000
0.832833 -0.103037 0.199569 0.000000 0.000000 0.733438 0.516296 0.000000 -0.199569 -0.429988 0.832833 0.000000 0.000000 0.000000 0.000000 1.000000
0.927552 -0.052908 -0.155753 0.000000 0.000000 0.884611 -0.339690 0.000000 0.155753 0.315080 0.927552 0.000000 0.000000 0.000000 0.000000 1.000000
0.933490 -0.024852 -0.070690 0.000000 0.000000 0.876400 -0.351568 0.000000 0.070690 0.328185 0.933490 0.000000 0.000000 0.000000 0.000000 1.000000
0.935338 -0.003366 -0.009519 0.000000 0.000000 0.874947 -0.353628 0.000000 0.009519 0.330762 0.935338 0.000000 0.000000 0.000000 0.000000 1.000000
0.936025 0.015446 0.044239 0.000000 0.000000 0.878100 -0.349141 0.000000 -0.044239 0.326805 0.936025 0.000000 0.000000 0.000000 0.000000 1.000000
0.932344 0.035773 0.103234 0.000000 0.000000 0.879922 -0.346522 0.000000 -0.103234 0.323078 0.932344 0.000000 0.000000 0.000000 0.000000 1.000000
0.922995 0.061611 0.181602 0.000000 0.000000 0.884899 -0.339265 0.000000 -0.181602 0.313140 0.922995 0.000000 0.000000 0.000000 0.000000 1.000000
0.923190 -0.072263 -0.242041 0.000000 0.000000 0.910863 -0.298558 0.000000 0.242041 0.275626 0.923190 0.000000 0.000000 0.000000 0.000000 1.000000
0.940383 -0.049076 -0.165013 0.000000 0.000000 0.911550 -0.297405 0.000000 0.165013 0.279675 0.940383 0.000000 0.000000 0.000000 0.000000 1.000000
0.945158 -0.029562 -0.094559 0.000000 0.000000 0.902265 -0.312625 0.000000 0.094559 0.295480 0.945158 0.000000 0.000000 0.000000 0.000000 1.000000
0.947711 -0.008232 -0.025881 0.000000 0.000000 0.898825 -0.318080 0.000000 0.025881 0.301447 0.947711 0.000000 0.000000 0.000000 0.000000 1.000000
0.949856 0.010842 0.034893 0.000000 0.000000 0.903443 -0.310736 0.000000 -0.034893 0.295154 0.949856 0.000000 0.000000 0.000000 0.000000 1.000000
0.952021 0.027051 0.092756 0.000000 0.000000 0.914948 -0.291637 0.000000 -0.092756 0.277645 0.952021 0.000000 0.000000 0.000000 0.000000 1.000000
0.947828 0.043928 0.158981 0.000000 0.000000 0.923653 -0.276310 0.000000 -0.158981 0.261894 0.947828 0.000000 0.000000 0.000000 0.000000 1.000000
0.926693 0.069807 0.244815 0.000000 0.000000 0.918695 -0.285141 0.000000 -0.244815 0.264238 0.926693 0.000000 0.000000 0.000000 0.000000 1.000000
0.911528 -0.083029 -0.317125 0.000000 0.000000 0.931451 -0.261819 0.000000 0.317125 0.238656 0.911528 0.000000 0.000000 0.000000 0.000000 1.000000
0.936175 -0.061618 -0.239174 0.000000 0.000000 0.933627 -0.257630 0.000000 0.239174 0.241186 0.936175 0.000000 0.000000 0.000000 0.000000 1.000000
0.946275 -0.049640 -0.189401 0.000000 0.000000 0.931310 -0.262088 0.000000 0.189401 0.248007 0.946275 0.000000 0.000000 0.000000 0.000000 1.000000
0.957466 -0.033678 -0.130991 0.000000 0.000000 0.933899 -0.257101 0.000000 0.130991 0.246165 0.957466 0.000000 0.000000 0.000000 0.000000 1.000000
0.958461 -0.017693 -0.063636 0.000000 0.000000 0.922697 -0.278034 0.000000 0.063636 0.266485 0.958461 0.000000 0.000000 0.000000 0.000000 1.000000
0.955755 0.005803 0.019772 0.000000 0.000000 0.913858 -0.293500 0.000000 -0.019772 0.280514 0.955755 0.000000 0.000000 0.000000 0.000000 1.000000
0.952665 0.031905 0.113049 0.000000 0.000000 0.920350 -0.282224 0.000000 -0.113049 0.268865 0.952665 0.000000 0.000000 0.000000 0.000000 1.000000
0.955776 0.040846 0.170406 0.000000 0.000000 0.942546 -0.239695 0.000000 -0.170406 0.229095 0.955776 0.000000 0.000000 0.000000 0.000000 1.000000
0.948701 0.049982 0.224455 0.000000 0.000000 0.950414 -0.222679 0.000000 -0.224455 0.211256 0.948701 0.000000 0.000000 0.000000 0.000000 1.000000
0.923314 0.071473 0.303170 0.000000 0.000000 0.944422 -0.235751 0.000000 -0.303170 0.217672 0.923314 0.000000 0.000000 0.000000 0.000000 1.000000
0.884484 -0.083954 -0.422039 0.000000 0.000000 0.960429 -0.198926 0.000000 0.422039 0.175946 0.884484 0.000000 0.000000 0.000000 0.000000 1.000000
0.924798 -0.066570 -0.317447 0.000000 0.000000 0.956024 -0.209705 0.000000 0.317447 0.193935 0.924798 0.000000 0.000000 0.000000 0.000000 1.000000
0.941283 -0.056725 -0.250040 0.000000 0.000000 0.948533 -0.226863 0.000000 0.250040 0.213542 0.941283 0.000000 0.000000 0.000000 0.000000 1.000000
0.955958 -0.042355 -0.187733 0.000000 0.000000 0.949100 -0.225610 0.000000 0.187733 0.215674 0.955958 0.000000 0.000000 0.000000 0.000000 1.000000
0.945970 0.052030 0.212265 0.000000 0.000000 0.939916 -0.245120 0.000000 -0.212265 0.231876 0.945970 0.000000 0.000000 0.000000 0.000000 1.000000
0.948561 0.049496 0.240775 0.000000 0.000000 0.957741 -0.205569 0.000000 -0.240775 0.194995 0.948561 0.000000 0.000000 0.000000 0.000000 1.000000
0.937243 0.054385 0.296553 0.000000 0.000000 0.966367 -0.183392 0.000000 -0.296553 0.171883 0.937243 0.000000 0.000000 0.000000 0.000000 1.000000
0.907151 0.068864 0.379722 0.000000 0.000000 0.967111 -0.181353 0.000000 -0.379722 0.164515 0.907151 0.000000 0.000000 0.000000 0.000000 1.000000
0.917748 -0.053938 -0.369340 0.000000 0.000000 0.978673 -0.146039 0.000000 0.369340 0.134026 0.917748 0.000000 0.000000 0.000000 0.000000 1.000000
0.950440 -0.044429 -0.259538 0.000000 0.000000 0.970696 -0.171183 0.000000 0.259538 0.162699 0.950440 0.000000 0.000000 0.000000 0.000000 1.000000
0.942293 0.052135 0.276768 0.000000 0.000000 0.964516 -0.188372 0.000000 -0.276768 0.177502 0.942293 0.000000 0.000000 0.000000 0.000000 1.000000
0.937005 0.049119 0.311769 0.000000 0.000000 0.975179 -0.157548 0.000000 -0.311769 0.147623 0.937005 0.000000 0.000000 0.000000 0.000000 1.000000
0.913390 0.053342 0.382445 0.000000 0.000000 0.980546 -0.139476 0.000000 -0.382445 0.127396 0.913390 0.000000 0.000000 0.000000 0.000000 1.000000
0.927496 -0.037984 -0.358505 0.000000 0.000000 0.988774 -0.105952 0.000000 0.358505 0.098270 0.927496 0.000000 0.000000 0.000000 0.000000 1.000000
0.934482 0.042015 0.332886 0.000000 0.000000 0.984070 -0.126215 0.000000 -0.332886 0.117946 0.934482 0.000000 0.000000 0.000000 0.000000 1.000000
0.913268 0.041072 0.393780 0.000000 0.000000 0.989121 -0.104302 0.000000 -0.393780 0.095255 0.913268 0.000000 0.000000 0.000000 0.000000 1.000000
0.922203 -0.019198 -0.383451 0.000000 0.000000 0.997493 -0.050066 0.000000 0.383451 0.046171 0.922203 0.000000 0.000000 0.000000 0.000000 1.000000
0.956139 -0.016334 -0.287346 0.000000 0.000000 0.996769 -0.056844 0.000000 0.287346 0.054351 0.956139 0.000000 0.000000 0.000000 0.000000 1.000000
0.938598 0.022440 0.338587 0.000000 0.000000 0.995607 -0.066277 0.000000 -0.338587 0.062207 0.938598 0.000000 0.000000 0.000000 0.000000 1.000000
0.912370 0.023675 0.405174 0.000000 0.000000 0.996586 -0.058431 0.000000 -0.405174 0.053310 0.912370 0.000000 0.000000 0.000000 0.000000 1.000000
0.866188 0.014349 0.498890 0.000000 0.000000 0.999173 -0.028761 0.000000 -0.498890 0.024912 0.866188 0.000000 0.000000 0.000000 0.000000 1.000000
0.917724 0.005188 -0.397004 0.000000 0.000000 0.999829 0.013067 0.000000 0.397004 -0.011992 0.917724 0.000000 0.000000 0.000000 0.000000 1.000000
0.952912 0.000139 -0.303248 0.000000 0.000000 1.000000 0.000458 0.000000 0.303248 -0.000437 0.952912 0.000000 0.000000 0.000000 0.000000 1.000000
0.937960 -0.006422 0.346247 0.000000 0.000000 0.999656 0.018547 0.000000 -0.346247 -0.017396 0.937960 0.000000 0.000000 0.000000 0.000000 1.000000
0.919192 -0.005085 0.393599 0.000000 0.000000 0.999833 0.012920 0.000000 -0.393599 -0.011876 0.919192 0.000000 0.000000 0.000000 0.000000 1.000000
0.908899 0.032761 -0.409262 0.000000 0.000000 0.993592 0.080050 0.000000 0.409262 -0.072757 0.908899 0.000000 0.000000 0.000000 0.000000 1.000000
0.945072 0.020674 -0.320431 0.000000 0.000000 0.995837 0.064518 0.000000 0.320431 -0.060974 0.945072 0.000000 0.000000 0.000000 0.000000 1.000000
0.928478 -0.030231 0.361870 0.000000 0.000000 0.993021 0.083542 0.000000 -0.361870 -0.077567 0.928478 0.000000 0.000000 0.000000 0.000000 1.000000
0.901883 -0.038343 0.422332 0.000000 0.000000 0.991758 0.090788 0.000000 -0.422332 -0.081880 0.901883 0.000000 0.000000 0.000000 0.000000 1.000000
0.896055 0.063423 -0.417089 0.000000 0.000000 0.976878 0.152061 0.000000 0.417089 -0.136255 0.896055 0.000000 0.000000 0.000000 0.000000 1.000000
0.930764 0.048742 -0.335522 0.000000 0.000000 0.978896 0.145274 0.000000 0.335522 -0.135215 0.930764 0.000000 0.000000 0.000000 0.000000 1.000000
0.954233 -0.037243 0.263580 0.000000 0.000000 0.980035 0.141296 0.000000 -0.263580 -0.134830 0.954233 0.000000 0.000000 0.000000 0.000000 1.000000
0.921692 -0.053636 0.357787 0.000000 0.000000 0.977527 0.149911 0.000000 -0.357787 -0.138171 0.921692 0.000000 0.000000 0.000000 0.000000 1.000000
0.884757 -0.073702 0.434014 0.000000 0.000000 0.971163 0.169814 0.000000 -0.434014 -0.150244 0.884757 0.000000 0.000000 0.000000 0.000000 1.000000
0.875295 0.098566 -0.424071 0.000000 0.000000 0.945978 0.232427 0.000000 0.424071 -0.203442 0.875295 0.000000 0.000000 0.000000 0.000000 1.000000
0.913716 0.076608 -0.336666 0.000000 0.000000 0.948221 0.227549 0.000000 0.336666 -0.207916 0.913716 0.000000 0.000000 0.000000 0.000000 1.000000
0.939310 0.058265 -0.259071 0.000000 0.000000 0.949421 0.224898 0.000000 0.259071 -0.211249 0.939310 0.000000 0.000000 0.000000 0.000000 1.000000
0.958936 -0.039997 0.189694 0.000000 0.000000 0.955543 0.210848 0.000000 -0.189694 -0.202190 0.958936 0.000000 0.000000 0.000000 0.000000 1.000000
0.929684 -0.066328 0.286538 0.000000 0.000000 0.946416 0.231483 0.000000 -0.286538 -0.215206 0.929684 0.000000 0.000000 0.000000 0.000000 1.000000
0.899692 -0.085398 0.370844 0.000000 0.000000 0.946971 0.230280 0.000000 -0.370844 -0.207182 0.899692 0.000000 0.000000 0.000000 0.000000 1.000000
0.888217 0.105297 -0.335597 0.000000 0.000000 0.901555 0.313759 0.000000 0.335597 -0.278686 0.888217 0.000000 0.000000 0.000000 0.000000 1.000000
0.913236 0.080528 -0.250790 0.000000 0.000000 0.896896 0.321099 0.000000 0.250790 -0.293239 0.913236 0.000000 0.000000 0.000000 0.000000 1.000000
0.934369 0.054360 -0.175216 0.000000 0.000000 0.903747 0.310247 0.000000 0.175216 -0.289885 0.934369 0.000000 0.000000 0.000000 0.000000 1.000000
0.944034 0.022250 -0.068982 0.000000 0.000000 0.895959 0.322555 0.000000 0.068982 -0.304503 0.944034 0.000000 0.000000 0.000000 0.000000 1.000000
0.948809 -0.009484 0.030163 0.000000 0.000000 0.901148 0.314408 0.000000 -0.030163 -0.298313 0.948809 0.000000 0.000000 0.000000 0.000000 1.000000
0.946658 -0.036681 0.123188 0.000000 0.000000 0.911336 0.297765 0.000000 -0.123188 -0.281882 0.946658 0.000000 0.000000 0.000000 0.000000 1.000000
0.927093 -0.066030 0.215105 0.000000 0.000000 0.905773 0.306965 0.000000 -0.215105 -0.284585 0.927093 0.000000 0.000000 0.000000 0.000000 1.000000
0.901591 -0.093492 0.299691 0.000000 0.000000 0.902681 0.311960 0.000000 -0.299691 -0.281261 0.901591 0.000000 0.000000 0.000000 0.000000 1.000000
0.886608 0.093442 -0.234326 0.000000 0.000000 0.840983 0.398769 0.000000 0.234326 -0.353552 0.886608 0.000000 0.000000 0.000000 0.000000 1.000000
0.899203 0.056752 -0.136526 0.000000 0.000000 0.827205 0.415686 0.000000 0.136526 -0.373786 0.899203 0.000000 0.000000 0.000000 0.000000 1.000000
0.899793 0.012722 -0.029224 0.000000 0.000000 0.810481 0.435338 0.000000 0.029224 -0.391714 0.899793 0.000000 0.000000 0.000000 0.000000 1.000000
0.902579 -0.028279 0.066482 0.000000 0.000000 0.819069 0.425359 0.000000 -0.066482 -0.383921 0.902579 0.000000 0.000000 0.000000 0.000000 1.000000
0.900992 -0.055892 0.135631 0.000000 0.000000 0.830182 0.412089 0.000000 -0.135631 -0.371289 0.900992 0.000000 0.000000 0.000000 0.000000 1.000000
0.884786 -0.090386 0.220036 0.000000 0.000000 0.831262 0.410778 0.000000 -0.220036 -0.363450 0.884786 0.000000 0.000000 0.000000 0.000000 1.000000
0.946557 -0.040553 -0.139432 0.000000 0.000000 0.915411 -0.290842 0.000000 0.139432 0.275298 0.946557 0.000000 0.000000 0.000000 0.000000 1.000000
0.860901 0.112325 0.255204 0.000000 0.000000 0.806280 -0.440136 0.000000 -0.255204 0.378914 0.860901 0.000000 0.000000 0.000000 0.000000 1.000000
0.943772 -0.011470 -0.034891 0.000000 0.000000 0.891923 -0.328750 0.000000 0.034891 0.310265 0.943772 0.000000 0.000000 0.000000 0.000000 1.000000
0.775614 0.198556 0.427855 0.000000 0.000000 0.784637 -0.464073 0.000000 -0.427855 0.359941 0.775614 0.000000 0.000000 0.000000 0.000000 1.000000
0.837981 -0.114543 -0.231875 0.000000 0.000000 0.755978 -0.493986 0.000000 0.231875 0.413951 0.837981 0.000000 0.000000 0.000000 0.000000 1.000000
0.930151 0.061861 0.201567 0.000000 0.000000 0.905811 -0.306903 0.000000 -0.201567 0.285466 0.930151 0.000000 0.000000 0.000000 0.000000 1.000000
0.815682 0.086548 0.557263 0.000000 0.000000 0.975879 -0.155309 0.000000 -0.557263 0.126683 0.815682 0.000000 0.000000 0.000000 0.000000 1.000000
0.927729 -0.061828 -0.318982 0.000000 0.000000 0.962431 -0.193828 0.000000 0.318982 0.179820 0.927729 0.000000 0.000000 0.000000 0.000000 1.000000
0.921796 0.037808 0.101013 0.000000 0.000000 0.859911 -0.374284 0.000000 -0.101013 0.345014 0.921796 0.000000 0.000000 0.000000 0.000000 1.000000
0.666767 0.277260 0.541776 0.000000 0.000000 0.738099 -0.511762 0.000000 -0.541776 0.341226 0.666767 0.000000 0.000000 0.000000 0.000000 1.000000
0.718012 -0.241853 -0.478261 0.000000 0.000000 0.744275 -0.505692 0.000000 0.478261 0.363093 0.718012 0.000000 0.000000 0.000000 0.000000 1.000000
0.893800 -0.046556 -0.106893 0.000000 0.000000 0.810304 -0.435541 0.000000 0.106893 0.389287 0.893800 0.000000 0.000000 0.000000 0.000000 1.000000
0.903419 0.091029 0.281376 0.000000 0.000000 0.895338 -0.323514 0.000000 -0.281376 0.292269 0.903419 0.000000 0.000000 0.000000 0.000000 1.000000
0.801898 0.065747 0.586864 0.000000 0.000000 0.987449 -0.112030 0.000000 -0.586864 0.089837 0.801898 0.000000 0.000000 0.000000 0.000000 1.000000
0.429827 0.363010 0.770094 0.000000 0.000000 0.777797 -0.471384 0.000000 -0.770094 0.202614 0.429827 0.000000 0.000000 0.000000 0.000000 1.000000
0.684882 -0.241033 -0.613773 0.000000 0.000000 0.845781 -0.392708 0.000000 0.613773 0.268959 0.684882 0.000000 0.000000 0.000000 0.000000 1.000000
0.730868 0.043440 0.679518 0.000000 0.000000 0.995913 -0.063927 0.000000 -0.679518 0.046722 0.730868 0.000000 0.000000 0.000000 0.000000 1.000000
0.866573 -0.073638 -0.474283 0.000000 0.000000 0.975894 -0.155262 0.000000 0.474283 0.134546 0.866573 0.000000 0.000000 0.000000 0.000000 1.000000
0.468947 0.315745 0.786792 0.000000 0.000000 0.838953 -0.401306 0.000000 -0.786792 0.188191 0.468947 0.000000 0.000000 0.000000 0.000000 1.000000
0.905841 -0.089706 -0.302740 0.000000 0.000000 0.912199 -0.296312 0.000000 0.302740 0.268411 0.905841 0.000000 0.000000 0.000000 0.000000 1.000000
0.648392 -0.072799 0.755179 0.000000 0.000000 0.990707 0.096400 0.000000 -0.755179 -0.062505 0.648392 0.000000 0.000000 0.000000 0.000000 1.000000
0.788018 -0.036197 -0.612812 0.000000 0.000000 0.996511 -0.059066 0.000000 0.612812 0.046545 0.788018 0.000000 0.000000 0.000000 0.000000 1.000000
0.246774 0.332620 0.894972 0.000000 0.000000 0.861873 -0.371655 0.000000 -0.894972 0.091715 0.246774 0.000000 0.000000 0.000000 0.000000 1.000000
0.557394 -0.181037 -0.798709 0.000000 0.000000 0.948624 -0.226662 0.000000 0.798709 0.126340 0.557394 0.000000 0.000000 0.000000 0.000000 1.000000
0.600277 -0.122632 0.784362 0.000000 0.000000 0.975556 0.156346 0.000000 -0.784362 -0.093851 0.600277 0.000000 0.000000 0.000000 0.000000 1.000000
0.788352 0.036726 -0.612293 0.000000 0.000000 0.996402 0.059981 0.000000 0.612293 -0.047286 0.788352 0.000000 0.000000 0.000000 0.000000 1.000000
0.750493 -0.071518 -0.651703 0.000000 0.000000 0.987957 -0.109740 0.000000 0.651703 0.082359 0.750493 0.000000 0.000000 0.000000 0.000000 1.000000
0.847077 -0.084489 0.504383 0.000000 0.000000 0.971941 0.167509 0.000000 -0.504383 -0.141893 0.847077 0.000000 0.000000 0.000000 0.000000 1.000000
0.532650 0.244567 -0.787259 0.000000 0.000000 0.903493 0.310656 0.000000 0.787259 -0.165471 0.532650 0.000000 0.000000 0.000000 0.000000 1.000000
0.691456 0.136264 -0.695331 0.000000 0.000000 0.961596 0.195970 0.000000 0.695331 -0.135504 0.691456 0.000000 0.000000 0.000000 0.000000 1.000000
0.461826 -0.342110 0.766487 0.000000 0.000000 0.800785 0.446335 0.000000 -0.766487 -0.206129 0.461826 0.000000 0.000000 0.000000 0.000000 1.000000
0.353974 0.419924 -0.748051 0.000000 0.000000 0.684878 0.561357 0.000000 0.748051 -0.198706 0.353974 0.000000 0.000000 0.000000 0.000000 1.000000
0.575779 0.137408 0.799330 0.000000 0.000000 0.970449 -0.171903 0.000000 -0.799330 0.098978 0.575779 0.000000 0.000000 0.000000 0.000000 1.000000
0.620577 0.297999 -0.618915 0.000000 0.000000 0.768171 0.481486 0.000000 0.618915 -0.298799 0.620577 0.000000 0.000000 0.000000 0.000000 1.000000
0.710563 0.093359 -0.135200 0.000000 0.000000 0.523179 0.690522 0.000000 0.135200 -0.490660 0.710563 0.000000 0.000000 0.000000 0.000000 1.000000
0.645669 -0.227411 0.330307 0.000000 0.000000 0.525991 0.688483 0.000000 -0.330307 -0.444532 0.645669 0.000000 0.000000 0.000000 0.000000 1.000000
0.385978 0.396074 -0.519613 0.000000 0.000000 0.418977 0.762249 0.000000 0.519613 -0.294211 0.385978 0.000000 0.000000 0.000000 0.000000 1.000000
0.656925 -0.259470 0.632643 0.000000 0.000000 0.831788 0.410136 0.000000 -0.632643 -0.269429 0.656925 0.000000 0.000000 0.000000 0.000000 1.000000
0.425450 0.063695 -0.070598 0.000000 0.000000 0.185992 0.902224 0.000000 0.070598 -0.383851 0.425450 0.000000 0.000000 0.000000 0.000000 1.000000
0.436261 -0.349530 0.447859 0.000000 0.000000 0.390901 0.780448 0.000000 -0.447859 -0.340479 0.436261 0.000000 0.000000 0.000000 0.000000 1.000000
0.876063 -0.071036 -0.155651 0.000000 0.000000 0.791714 -0.456383 0.000000 0.155651 0.399821 0.876063 0.000000 0.000000 0.000000 0.000000 1.000000
0.889489 -0.034610 -0.076834 0.000000 0.000000 0.797093 -0.450452 0.000000 0.076834 0.400672 0.889489 0.000000 0.000000 0.000000 0.000000 1.000000
0.891759 -0.010400 -0.023013 0.000000 0.000000 0.795763 -0.451926 0.000000 0.023013 0.403009 0.891759 0.000000 0.000000 0.000000 0.000000 1.000000
0.892849 0.016220 0.036133 0.000000 0.000000 0.798484 -0.448905 0.000000 -0.036133 0.400804 0.892849 0.000000 0.000000 0.000000 0.000000 1.000000
0.889514 0.046290 0.104045 0.000000 0.000000 0.802060 -0.444904 0.000000 -0.104045 0.395749 0.889514 0.000000 0.000000 0.000000 0.000000 1.000000
0.883532 0.076040 0.175031 0.000000 0.000000 0.811265 -0.434436 0.000000 -0.175031 0.383838 0.883532 0.000000 0.000000 0.000000 0.000000 1.000000
0.861444 -0.124969 -0.311664 0.000000 0.000000 0.839220 -0.400974 0.000000 0.311664 0.345416 0.861444 0.000000 0.000000 0.000000 0.000000 1.000000
0.879177 -0.095145 -0.227145 0.000000 0.000000 0.824546 -0.418872 0.000000 0.227145 0.368263 0.879177 0.000000 0.000000 0.000000 0.000000 1.000000
0.903001 -0.068442 -0.174286 0.000000 0.000000 0.845787 -0.392700 0.000000 0.174286 0.354608 0.903001 0.000000 0.000000 0.000000 0.000000 1.000000
0.908807 -0.043524 -0.108001 0.000000 0.000000 0.837595 -0.402995 0.000000 0.108001 0.366245 0.908807 0.000000 0.000000 0.000000 0.000000 1.000000
0.912625 -0.016829 -0.041380 0.000000 0.000000 0.834597 -0.406698 0.000000 0.041380 0.371163 0.912625 0.000000 0.000000 0.000000 0.000000 1.000000
0.914229 0.004049 0.009996 0.000000 0.000000 0.835915 -0.405074 0.000000 -0.009996 0.370330 0.914229 0.000000 0.000000 0.000000 0.000000 1.000000
0.912398 0.028806 0.071476 0.000000 0.000000 0.837580 -0.403014 0.000000 -0.071476 0.367709 0.912398 0.000000 0.000000 0.000000 0.000000 1.000000
0.903774 0.063624 0.160322 0.000000 0.000000 0.842511 -0.396849 0.000000 -0.160322 0.358662 0.903774 0.000000 0.000000 0.000000 0.000000 1.000000
0.882213 0.098367 0.244431 0.000000 0.000000 0.838047 -0.402434 0.000000 -0.244431 0.355033 0.882213 0.000000 0.000000 0.000000 0.000000 1.000000
0.863236 0.124685 0.318107 0.000000 0.000000 0.846368 -0.391959 0.000000 -0.318107 0.338353 0.863236 0.000000 0.000000 0.000000 0.000000 1.000000
0.847650 -0.137211 -0.414832 0.000000 0.000000 0.890596 -0.330763 0.000000 0.414832 0.280371 0.847650 0.000000 0.000000 0.000000 0.000000 1.000000
0.881462 -0.111416 -0.326926 0.000000 0.000000 0.883856 -0.340799 0.000000 0.326926 0.300401 0.881462 0.000000 0.000000 0.000000 0.000000 1.000000
0.907558 -0.083233 -0.243065 0.000000 0.000000 0.882742 -0.342430 0.000000 0.243065 0.310775 0.907558 0.000000 0.000000 0.000000 0.000000 1.000000
0.903189 0.086544 0.246063 0.000000 0.000000 0.876298 -0.351713 0.000000 -0.246063 0.317663 0.903189 0.000000 0.000000 0.000000 0.000000 1.000000
0.888730 0.104369 0.304759 0.000000 0.000000 0.882719 -0.342463 0.000000 -0.304759 0.304357 0.888730 0.000000 0.000000 0.000000 0.000000 1.000000
0.853106 0.134227 0.398292 0.000000 0.000000 0.886427 -0.337006 0.000000 -0.398292 0.287502 0.853106 0.000000 0.000000 0.000000 0.000000 1.000000
0.896771 -0.096261 -0.340207 0.000000 0.000000 0.919940 -0.282949 0.000000 0.340207 0.253741 0.896771 0.000000 0.000000 0.000000 0.000000 1.000000
0.906210 0.089273 0.306602 0.000000 0.000000 0.915221 -0.291169 0.000000 -0.306602 0.263860 0.906210 0.000000 0.000000 0.000000 0.000000 1.000000
0.872955 0.113628 0.392736 0.000000 0.000000 0.916292 -0.289323 0.000000 -0.392736 0.252566 0.872955 0.000000 0.000000 0.000000 0.000000 1.000000
0.815319 0.144179 0.503124 0.000000 0.000000 0.917879 -0.286567 0.000000 -0.503124 0.233644 0.815319 0.000000 0.000000 0.000000 0.000000 1.000000
0.823644 -0.108524 -0.528647 0.000000 0.000000 0.957857 -0.205286 0.000000 0.528647 0.169083 0.823644 0.000000 0.000000 0.000000 0.000000 1.000000
0.870969 -0.101676 -0.430999 0.000000 0.000000 0.944347 -0.235909 0.000000 0.430999 0.205469 0.870969 0.000000 0.000000 0.000000 0.000000 1.000000
0.892295 0.091092 0.384170 0.000000 0.000000 0.943777 -0.237114 0.000000 -0.384170 0.211576 0.892295 0.000000 0.000000 0.000000 0.000000 1.000000
0.837512 0.117574 0.491205 0.000000 0.000000 0.942708 -0.239358 0.000000 -0.491205 0.200465 0.837512 0.000000 0.000000 0.000000 0.000000 1.000000
0.852769 0.089414 0.489273 0.000000 0.000000 0.966603 -0.182749 0.000000 -0.489273 0.155843 0.852769 0.000000 0.000000 0.000000 0.000000 1.000000
0.778004 0.103452 0.604501 0.000000 0.000000 0.970712 -0.171136 0.000000 -0.604501 0.133145 0.778004 0.000000 0.000000 0.000000 0.000000 1.000000
0.874681 -0.060342 -0.467171 0.000000 0.000000 0.983316 -0.129166 0.000000 0.467171 0.112979 0.874681 0.000000 0.000000 0.000000 0.000000 1.000000
0.862250 0.063088 0.489833 0.000000 0.000000 0.983412 -0.128795 0.000000 -0.489833 0.111053 0.862250 0.000000 0.000000 0.000000 0.000000 1.000000
0.781307 0.072269 0.612908 0.000000 0.000000 0.986097 -0.117911 0.000000 -0.612908 0.092125 0.781307 0.000000 0.000000 0.000000 0.000000 1.000000
0.778866 -0.057188 -0.620379 0.000000 0.000000 0.991502 -0.092183 0.000000 0.620379 0.071798 0.778866 0.000000 0.000000 0.000000 0.000000 1.000000
0.850446 -0.046016 -0.518524 0.000000 0.000000 0.992125 -0.088744 0.000000 0.518524 0.075472 0.850446 0.000000 0.000000 0.000000 0.000000 1.000000
0.885692 -0.045083 -0.453505 0.000000 0.000000 0.990118 -0.099410 0.000000 0.453505 0.088047 0.885692 0.000000 0.000000 0.000000 0.000000 1.000000
0.865730 0.039629 0.494041 0.000000 0.000000 0.993566 -0.080215 0.000000 -0.494041 0.069445 0.865730 0.000000 0.000000 0.000000 0.000000 1.000000
0.784149 0.042312 0.616769 0.000000 0.000000 0.995294 -0.068602 0.000000 -0.616769 0.053794 0.784149 0.000000 0.000000 0.000000 0.000000 1.000000
0.840048 -0.010852 -0.542143 0.000000 0.000000 0.999599 -0.020017 0.000000 0.542143 0.016815 0.840048 0.000000 0.000000 0.000000 0.000000 1.000000
0.889539 -0.014296 -0.455781 0.000000 0.000000 0.999016 -0.031365 0.000000 0.455781 0.027901 0.889539 0.000000 0.000000 0.000000 0.000000 1.000000
0.787752 0.007609 0.615868 0.000000 0.000000 0.999847 -0.012355 0.000000 -0.615868 0.009732 0.787752 0.000000 0.000000 0.000000 0.000000 1.000000
0.823464 0.029951 -0.564886 0.000000 0.000000 0.997189 0.053021 0.000000 0.564886 -0.043661 0.823464 0.000000 0.000000 0.000000 0.000000 1.000000
0.880671 0.013261 -0.472898 0.000000 0.000000 0.999214 0.028043 0.000000 0.472898 -0.024697 0.880671 0.000000 0.000000 0.000000 0.000000 1.000000
0.877430 -0.011289 0.479125 0.000000 0.000000 0.999445 0.023562 0.000000 -0.479125 -0.020674 0.877430 0.000000 0.000000 0.000000 0.000000 1.000000
0.788614 -0.020934 0.613943 0.000000 0.000000 0.998837 0.034098 0.000000 -0.613943 -0.026890 0.788614 0.000000 0.000000 0.000000 0.000000 1.000000
0.865464 0.046432 -0.492002 0.000000 0.000000 0.991093 0.094375 0.000000 0.492002 -0.081678 0.865464 0.000000 0.000000 0.000000 0.000000 1.000000
0.840847 -0.058572 0.529865 0.000000 0.000000 0.987781 0.110541 0.000000 -0.529865 -0.092948 0.840847 0.000000 0.000000 0.000000 0.000000 1.000000
0.749490 -0.089798 0.647318 0.000000 0.000000 0.980756 0.138724 0.000000 -0.647318 -0.103972 0.749490 0.000000 0.000000 0.000000 0.000000 1.000000
0.843428 0.084023 -0.511514 0.000000 0.000000 0.973017 0.164264 0.000000 0.511514 -0.138545 0.843428 0.000000 0.000000 0.000000 0.000000 1.000000
0.852322 -0.089842 0.489798 0.000000 0.000000 0.966355 0.183427 0.000000 -0.489798 -0.156339 0.852322 0.000000 0.000000 0.000000 0.000000 1.000000
0.813894 0.127005 -0.529113 0.000000 0.000000 0.942384 0.240033 0.000000 0.529113 -0.195362 0.813894 0.000000 0.000000 0.000000 0.000000 1.000000
0.868101 -0.098609 0.443908 0.000000 0.000000 0.950654 0.222139 0.000000 -0.443908 -0.192840 0.868101 0.000000 0.000000 0.000000 0.000000 1.000000
0.809133 -0.129874 0.535175 0.000000 0.000000 0.941109 0.242675 0.000000 -0.535175 -0.196357 0.809133 0.000000 0.000000 0.000000 0.000000 1.000000
0.850686 0.130791 -0.427439 0.000000 0.000000 0.906372 0.305987 0.000000 0.427439 -0.260299 0.850686 0.000000 0.000000 0.000000 0.000000 1.000000
0.881402 -0.109420 0.365155 0.000000 0.000000 0.910208 0.299652 0.000000 -0.365155 -0.264114 0.881402 0.000000 0.000000 0.000000 0.000000 1.000000
0.853553 -0.118505 0.449318 0.000000 0.000000 0.930439 0.263744 0.000000 -0.449318 -0.225119 0.853553 0.000000 0.000000 0.000000 0.000000 1.000000
0.845300 0.140991 -0.406160 0.000000 0.000000 0.879499 0.347133 0.000000 0.406160 -0.293432 0.845300 0.000000 0.000000 0.000000 0.000000 1.000000
0.860326 0.128606 -0.333900 0.000000 0.000000 0.851650 0.385162 0.000000 0.333900 -0.331365 0.860326 0.000000 0.000000 0.000000 0.000000 1.000000
0.882103 -0.105771 0.278306 0.000000 0.000000 0.855559 0.380053 0.000000 -0.278306 -0.335246 0.882103 0.000000 0.000000 0.000000 0.000000 1.000000
0.891236 -0.102357 0.336015 0.000000 0.000000 0.907207 0.304619 0.000000 -0.336015 -0.271488 0.891236 0.000000 0.000000 0.000000 0.000000 1.000000
0.845197 0.115211 -0.241692 0.000000 0.000000 0.772773 0.476684 0.000000 0.241692 -0.402892 0.845197 0.000000 0.000000 0.000000 0.000000 1.000000
0.846955 0.074174 -0.145012 0.000000 0.000000 0.738361 0.511507 0.000000 0.145012 -0.433223 0.846955 0.000000 0.000000 0.000000 0.000000 1.000000
0.841678 0.037070 -0.069223 0.000000 0.000000 0.713214 0.535524 0.000000 0.069223 -0.450739 0.841678 0.000000 0.000000 0.000000 0.000000 1.000000
0.837647 -0.003936 0.007207 0.000000 0.000000 0.701705 0.546164 0.000000 -0.007207 -0.457493 0.837647 0.000000 0.000000 0.000000 0.000000 1.000000
0.838377 -0.045373 0.084252 0.000000 0.000000 0.709974 0.538541 0.000000 -0.084252 -0.451500 0.838377 0.000000 0.000000 0.000000 0.000000 1.000000
0.851063 -0.077931 0.155382 0.000000 0.000000 0.748452 0.501545 0.000000 -0.155382 -0.426847 0.851063 0.000000 0.000000 0.000000 0.000000 1.000000
