0.860429 -0.128351 -0.332082 0.000000 0.000000 0.850616 -0.386502 0.000000 0.332082 0.332558 0.860429 0.000000 0.000000 0.000000 0.000000 1.000000
0.892595 -0.026025 -0.058210 0.000000 0.000000 0.800115 -0.447085 0.000000 0.058210 0.399066 0.892595 0.000000 0.000000 0.000000 0.000000 1.000000
0.884802 0.096447 0.242333 0.000000 0.000000 0.841600 -0.397995 0.000000 -0.242333 0.352147 0.884802 0.000000 0.000000 0.000000 0.000000 1.000000
0.820639 0.139954 0.497363 0.000000 0.000000 0.920819 -0.281391 0.000000 -0.497363 0.230921 0.820639 0.000000 0.000000 0.000000 0.000000 1.000000
0.885753 -0.080573 -0.190325 0.000000 0.000000 0.820782 -0.423342 0.000000 0.190325 0.374976 0.885753 0.000000 0.000000 0.000000 0.000000 1.000000
0.902508 0.040978 0.097695 0.000000 0.000000 0.824065 -0.419446 0.000000 -0.097695 0.378553 0.902508 0.000000 0.000000 0.000000 0.000000 1.000000
0.845184 0.141973 0.398089 0.000000 0.000000 0.872810 -0.356637 0.000000 -0.398089 0.301424 0.845184 0.000000 0.000000 0.000000 0.000000 1.000000
0.980348 -0.017616 -0.166506 0.000000 0.000000 0.988806 -0.105800 0.000000 0.166506 0.103721 0.980348 0.000000 0.000000 0.000000 0.000000 1.000000
0.984378 0.015045 0.108496 0.000000 0.000000 0.980771 -0.138668 0.000000 -0.108496 0.136502 0.984378 0.000000 0.000000 0.000000 0.000000 1.000000
0.990347 0.002106 0.015287 0.000000 0.000000 0.981021 -0.137765 0.000000 -0.015287 0.136435 0.990347 0.000000 0.000000 0.000000 0.000000 1.000000
0.937619 0.024302 0.340250 0.000000 0.000000 0.994899 -0.071425 0.000000 -0.340250 0.066969 0.937619 0.000000 0.000000 0.000000 0.000000 1.000000
0.986082 -0.012457 0.140746 0.000000 0.000000 0.992167 0.088504 0.000000 -0.140746 -0.087272 0.986082 0.000000 0.000000 0.000000 0.000000 1.000000
0.998680 0.001241 -0.029566 0.000000 0.000000 0.998237 0.041990 0.000000 0.029566 -0.041935 0.998680 0.000000 0.000000 0.000000 0.000000 1.000000
0.939939 -0.022577 0.334606 0.000000 0.000000 0.995447 0.067472 0.000000 -0.334606 -0.063420 0.939939 0.000000 0.000000 0.000000 0.000000 1.000000
0.905707 -0.040799 -0.098982 0.000000 0.000000 0.830102 -0.412187 0.000000 0.098982 0.373321 0.905707 0.000000 0.000000 0.000000 0.000000 1.000000
0.900795 0.013129 0.030308 0.000000 0.000000 0.812351 -0.433185 0.000000 -0.030308 0.390211 0.900795 0.000000 0.000000 0.000000 0.000000 1.000000
0.920139 0.055948 0.155714 0.000000 0.000000 0.870903 -0.359301 0.000000 -0.155714 0.330607 0.920139 0.000000 0.000000 0.000000 0.000000 1.000000
0.967411 -0.026959 -0.222274 0.000000 0.000000 0.985289 -0.121288 0.000000 0.222274 0.117336 0.967411 0.000000 0.000000 0.000000 0.000000 1.000000
0.978289 -0.019076 -0.177029 0.000000 0.000000 0.988388 -0.107757 0.000000 0.177029 0.105417 0.978289 0.000000 0.000000 0.000000 0.000000 1.000000
0.985475 0.001536 0.009061 0.000000 0.000000 0.971244 -0.169577 0.000000 -0.009061 0.167114 0.985475 0.000000 0.000000 0.000000 0.000000 1.000000
0.983092 0.016556 0.139321 0.000000 0.000000 0.985879 -0.118830 0.000000 -0.139321 0.116821 0.983092 0.000000 0.000000 0.000000 0.000000 1.000000
0.970970 0.024101 0.209819 0.000000 0.000000 0.986806 -0.114864 0.000000 -0.209819 0.111530 0.970970 0.000000 0.000000 0.000000 0.000000 1.000000
0.992634 0.006170 -0.058013 0.000000 0.000000 0.988689 0.106355 0.000000 0.058013 -0.105572 0.992634 0.000000 0.000000 0.000000 0.000000 1.000000
0.654175 -0.263401 -0.417768 0.000000 0.000000 0.602475 -0.630496 0.000000 0.417768 0.412455 0.654175 0.000000 0.000000 0.000000 0.000000 1.000000
0.703226 -0.099062 -0.142209 0.000000 0.000000 0.514750 -0.696599 0.000000 0.142209 0.489866 0.703226 0.000000 0.000000 0.000000 0.000000 1.000000
0.701436 0.078499 0.111512 0.000000 0.000000 0.504447 -0.703955 0.000000 -0.111512 0.493779 0.701436 0.000000 0.000000 0.000000 0.000000 1.000000
0.698053 0.224704 0.364629 0.000000 0.000000 0.620232 -0.616253 0.000000 -0.364629 0.430177 0.698053 0.000000 0.000000 0.000000 0.000000 1.000000
0.544361 0.351830 0.591540 0.000000 0.000000 0.646248 -0.594770 0.000000 -0.591540 0.323770 0.544361 0.000000 0.000000 0.000000 0.000000 1.000000
0.620824 -0.306096 -0.529380 0.000000 0.000000 0.665666 -0.578216 0.000000 0.529380 0.358971 0.620824 0.000000 0.000000 0.000000 0.000000 1.000000
0.637952 -0.203261 -0.283960 0.000000 0.000000 0.487616 -0.715810 0.000000 0.283960 0.456652 0.637952 0.000000 0.000000 0.000000 0.000000 1.000000
0.691677 -0.000613 -0.000849 0.000000 0.000000 0.478418 -0.722207 0.000000 0.000849 0.499534 0.691677 0.000000 0.000000 0.000000 0.000000 1.000000
0.684072 0.185408 0.274328 0.000000 0.000000 0.543211 -0.675862 0.000000 -0.274328 0.462338 0.684072 0.000000 0.000000 0.000000 0.000000 1.000000
0.586571 0.322577 0.518412 0.000000 0.000000 0.612816 -0.622241 0.000000 -0.518412 0.364988 0.586571 0.000000 0.000000 0.000000 0.000000 1.000000
0.732854 -0.187264 -0.606221 0.000000 0.000000 0.904578 -0.308904 0.000000 0.606221 0.226382 0.732854 0.000000 0.000000 0.000000 0.000000 1.000000
0.578587 0.268039 0.727717 0.000000 0.000000 0.864334 -0.368328 0.000000 -0.727717 0.213110 0.578587 0.000000 0.000000 0.000000 0.000000 1.000000
0.613909 0.259042 0.696177 0.000000 0.000000 0.861547 -0.372092 0.000000 -0.696177 0.228431 0.613909 0.000000 0.000000 0.000000 0.000000 1.000000
0.882712 -0.047425 -0.458383 0.000000 0.000000 0.989296 -0.103461 0.000000 0.458383 0.091326 0.882712 0.000000 0.000000 0.000000 0.000000 1.000000
0.926036 0.026021 0.370857 0.000000 0.000000 0.995077 -0.070165 0.000000 -0.370857 0.064975 0.926036 0.000000 0.000000 0.000000 0.000000 1.000000
0.776931 0.099323 0.608025 0.000000 0.000000 0.973316 -0.163353 0.000000 -0.608025 0.126914 0.776931 0.000000 0.000000 0.000000 0.000000 1.000000
0.937347 -0.047843 -0.313100 0.000000 0.000000 0.976651 -0.152804 0.000000 0.313100 0.143230 0.937347 0.000000 0.000000 0.000000 0.000000 1.000000
0.771197 0.075795 0.624936 0.000000 0.000000 0.985290 -0.121285 0.000000 -0.624936 0.093535 0.771197 0.000000 0.000000 0.000000 0.000000 1.000000
0.878055 0.032566 -0.473593 0.000000 0.000000 0.995272 0.068763 0.000000 0.473593 -0.060378 0.878055 0.000000 0.000000 0.000000 0.000000 1.000000
0.979841 0.015149 -0.181510 0.000000 0.000000 0.993034 0.083463 0.000000 0.181510 -0.081781 0.979841 0.000000 0.000000 0.000000 0.000000 1.000000
0.916832 -0.005984 0.398992 0.000000 0.000000 0.999775 0.014998 0.000000 -0.398992 -0.013751 0.916832 0.000000 0.000000 0.000000 0.000000 1.000000
0.842564 0.053575 0.528988 0.000000 0.000000 0.989743 -0.101278 0.000000 -0.528988 0.085334 0.842564 0.000000 0.000000 0.000000 0.000000 1.000000
0.780796 -0.070966 -0.614002 0.000000 0.000000 0.986641 -0.115580 0.000000 0.614002 0.090245 0.780796 0.000000 0.000000 0.000000 0.000000 1.000000
0.889090 0.005483 -0.457576 0.000000 0.000000 0.999856 0.011982 0.000000 0.457576 -0.010653 0.889090 0.000000 0.000000 0.000000 0.000000 1.000000
0.946605 0.005397 -0.321958 0.000000 0.000000 0.999719 0.016764 0.000000 0.321958 -0.015868 0.946605 0.000000 0.000000 0.000000 0.000000 1.000000
0.739529 -0.039087 0.670596 0.000000 0.000000 0.996603 0.058287 0.000000 -0.670596 -0.043105 0.739529 0.000000 0.000000 0.000000 0.000000 1.000000
0.855983 0.101423 -0.469766 0.000000 0.000000 0.953387 0.215901 0.000000 0.469766 -0.184807 0.855983 0.000000 0.000000 0.000000 0.000000 1.000000
0.949587 0.047666 -0.247184 0.000000 0.000000 0.962815 0.192834 0.000000 0.247184 -0.183113 0.949587 0.000000 0.000000 0.000000 0.000000 1.000000
0.985585 -0.002480 0.014714 0.000000 0.000000 0.971594 0.168541 0.000000 -0.014714 -0.166111 0.985585 0.000000 0.000000 0.000000 0.000000 1.000000
0.962554 -0.024704 0.252877 0.000000 0.000000 0.990456 0.097692 0.000000 -0.252877 -0.094033 0.962554 0.000000 0.000000 0.000000 0.000000 1.000000
0.917900 0.002113 0.396775 0.000000 0.000000 0.999972 -0.005326 0.000000 -0.396775 0.004889 0.917900 0.000000 0.000000 0.000000 0.000000 1.000000
0.904276 0.031193 -0.420454 0.000000 0.000000 0.994496 0.074189 0.000000 0.420454 -0.067088 0.904276 0.000000 0.000000 0.000000 0.000000 1.000000
0.950461 0.042564 -0.266773 0.000000 0.000000 0.974543 0.159553 0.000000 0.266773 -0.151649 0.950461 0.000000 0.000000 0.000000 0.000000 1.000000
0.982295 0.015074 -0.092542 0.000000 0.000000 0.973467 0.162889 0.000000 0.092542 -0.160005 0.982295 0.000000 0.000000 0.000000 0.000000 1.000000
0.962428 -0.033679 0.227733 0.000000 0.000000 0.978129 0.147888 0.000000 -0.227733 -0.142331 0.962428 0.000000 0.000000 0.000000 0.000000 1.000000
0.792414 -0.041969 0.606041 0.000000 0.000000 0.995204 0.069251 0.000000 -0.606041 -0.054875 0.792414 0.000000 0.000000 0.000000 0.000000 1.000000
0.962825 0.036376 -0.183523 0.000000 0.000000 0.960714 0.198208 0.000000 0.183523 -0.190840 0.962825 0.000000 0.000000 0.000000 0.000000 1.000000
0.985964 -0.013333 0.099386 0.000000 0.000000 0.982002 0.134157 0.000000 -0.099386 -0.132274 0.985964 0.000000 0.000000 0.000000 0.000000 1.000000
0.966838 -0.020517 0.240752 0.000000 0.000000 0.992737 0.085221 0.000000 -0.240752 -0.082395 0.966838 0.000000 0.000000 0.000000 0.000000 1.000000
0.952860 -0.009900 0.301628 0.000000 0.000000 0.998923 0.032822 0.000000 -0.301628 -0.031275 0.952860 0.000000 0.000000 0.000000 0.000000 1.000000
0.836458 -0.061418 -0.114604 0.000000 0.000000 0.712796 -0.535915 0.000000 0.114604 0.448270 0.836458 0.000000 0.000000 0.000000 0.000000 1.000000
0.826074 -0.031043 -0.055351 0.000000 0.000000 0.685463 -0.560836 0.000000 0.055351 0.463292 0.826074 0.000000 0.000000 0.000000 0.000000 1.000000
0.817423 -0.006718 -0.011665 0.000000 0.000000 0.668316 -0.575920 0.000000 0.011665 0.470770 0.817423 0.000000 0.000000 0.000000 0.000000 1.000000
0.800651 0.005384 0.008988 0.000000 0.000000 0.641123 -0.599064 0.000000 -0.008988 0.479641 0.800651 0.000000 0.000000 0.000000 0.000000 1.000000
0.773276 -0.011338 -0.017888 0.000000 0.000000 0.598275 -0.633818 0.000000 0.017888 0.490116 0.773276 0.000000 0.000000 0.000000 0.000000 1.000000
0.734949 -0.038394 -0.056818 0.000000 0.000000 0.543378 -0.675738 0.000000 0.056818 0.496633 0.734949 0.000000 0.000000 0.000000 0.000000 1.000000
0.698136 -0.041002 -0.057454 0.000000 0.000000 0.490695 -0.713656 0.000000 0.057454 0.498229 0.698136 0.000000 0.000000 0.000000 0.000000 1.000000
0.648997 -0.021920 -0.028833 0.000000 0.000000 0.422028 -0.760245 0.000000 0.028833 0.493396 0.648997 0.000000 0.000000 0.000000 0.000000 1.000000
0.704139 -0.009935 -0.013994 0.000000 0.000000 0.496007 -0.709924 0.000000 0.013994 0.499885 0.704139 0.000000 0.000000 0.000000 0.000000 1.000000
0.705668 0.001479 0.002087 0.000000 0.000000 0.497971 -0.708540 0.000000 -0.002087 0.499994 0.705668 0.000000 0.000000 0.000000 0.000000 1.000000
0.742810 0.047823 0.071846 0.000000 0.000000 0.556929 -0.665636 0.000000 -0.071846 0.494441 0.742810 0.000000 0.000000 0.000000 0.000000 1.000000
0.744065 0.044763 0.067343 0.000000 0.000000 0.558169 -0.664704 0.000000 -0.067343 0.494583 0.744065 0.000000 0.000000 0.000000 0.000000 1.000000
0.765583 0.022845 0.035564 0.000000 0.000000 0.587383 -0.642353 0.000000 -0.035564 0.491775 0.765583 0.000000 0.000000 0.000000 0.000000 1.000000
0.780997 0.003972 0.006360 0.000000 0.000000 0.609997 -0.624502 0.000000 -0.006360 0.487734 0.780997 0.000000 0.000000 0.000000 0.000000 1.000000
0.796394 -0.007632 -0.012622 0.000000 0.000000 0.634403 -0.604646 0.000000 0.012622 0.481537 0.796394 0.000000 0.000000 0.000000 0.000000 1.000000
0.814343 -0.011015 -0.018988 0.000000 0.000000 0.663516 -0.580073 0.000000 0.018988 0.472378 0.814343 0.000000 0.000000 0.000000 0.000000 1.000000
0.825471 -0.002370 -0.004200 0.000000 0.000000 0.681420 -0.564429 0.000000 0.004200 0.465920 0.825471 0.000000 0.000000 0.000000 0.000000 1.000000
0.822388 0.010837 0.019058 0.000000 0.000000 0.676686 -0.568607 0.000000 -0.019058 0.467616 0.822388 0.000000 0.000000 0.000000 0.000000 1.000000
0.823114 0.025454 0.044964 0.000000 0.000000 0.679538 -0.566094 0.000000 -0.044964 0.465959 0.823114 0.000000 0.000000 0.000000 0.000000 1.000000
0.848713 0.052666 0.101470 0.000000 0.000000 0.730611 -0.519027 0.000000 -0.101470 0.440505 0.848713 0.000000 0.000000 0.000000 0.000000 1.000000
0.968812 0.028671 -0.204165 0.000000 0.000000 0.980279 0.140430 0.000000 0.204165 -0.136051 0.968812 0.000000 0.000000 0.000000 0.000000 1.000000
0.981878 -0.003133 0.016594 0.000000 0.000000 0.964360 0.188785 0.000000 -0.016594 -0.185364 0.981878 0.000000 0.000000 0.000000 0.000000 1.000000
0.919501 -0.047924 0.371292 0.000000 0.000000 0.983340 0.129075 0.000000 -0.371292 -0.118684 0.919501 0.000000 0.000000 0.000000 0.000000 1.000000
0.733523 -0.046067 0.676242 0.000000 0.000000 0.995359 0.068123 0.000000 -0.676242 -0.049969 0.733523 0.000000 0.000000 0.000000 0.000000 1.000000
0.959186 0.033030 -0.250020 0.000000 0.000000 0.982548 0.132108 0.000000 0.250020 -0.126716 0.959186 0.000000 0.000000 0.000000 0.000000 1.000000
0.993391 -0.001395 0.012226 0.000000 0.000000 0.986974 0.114130 0.000000 -0.012226 -0.113376 0.993391 0.000000 0.000000 0.000000 0.000000 1.000000
0.978406 -0.016617 0.186503 0.000000 0.000000 0.992061 0.089099 0.000000 -0.186503 -0.087175 0.978406 0.000000 0.000000 0.000000 0.000000 1.000000
0.966880 -0.014294 0.248674 0.000000 0.000000 0.996696 0.057481 0.000000 -0.248674 -0.055577 0.966880 0.000000 0.000000 0.000000 0.000000 1.000000
0.912288 -0.060841 -0.161689 0.000000 0.000000 0.858412 -0.376282 0.000000 0.161689 0.343277 0.912288 0.000000 0.000000 0.000000 0.000000 1.000000
0.931522 -0.052357 -0.160409 0.000000 0.000000 0.893463 -0.326399 0.000000 0.160409 0.304048 0.931522 0.000000 0.000000 0.000000 0.000000 1.000000
0.963022 -0.022177 -0.086968 0.000000 0.000000 0.934975 -0.255001 0.000000 0.086968 0.245571 0.963022 0.000000 0.000000 0.000000 0.000000 1.000000
0.958366 -0.010852 -0.038354 0.000000 0.000000 0.919937 -0.282954 0.000000 0.038354 0.271174 0.958366 0.000000 0.000000 0.000000 0.000000 1.000000
0.960439 -0.004398 -0.015816 0.000000 0.000000 0.922693 -0.278042 0.000000 0.015816 0.267042 0.960439 0.000000 0.000000 0.000000 0.000000 1.000000
0.960187 -0.001961 -0.007022 0.000000 0.000000 0.922008 -0.279271 0.000000 0.007022 0.268152 0.960187 0.000000 0.000000 0.000000 0.000000 1.000000
0.957181 -0.008322 -0.028891 0.000000 0.000000 0.917030 -0.288045 0.000000 0.028891 0.275711 0.957181 0.000000 0.000000 0.000000 0.000000 1.000000
0.945289 -0.023514 -0.074008 0.000000 0.000000 0.899049 -0.317728 0.000000 0.074008 0.300345 0.945289 0.000000 0.000000 0.000000 0.000000 1.000000
0.912890 -0.033547 -0.083977 0.000000 0.000000 0.840420 -0.399475 0.000000 0.083977 0.364677 0.912890 0.000000 0.000000 0.000000 0.000000 1.000000
0.899145 -0.041408 -0.097029 0.000000 0.000000 0.817876 -0.426759 0.000000 0.097029 0.383719 0.899145 0.000000 0.000000 0.000000 0.000000 1.000000
0.914249 0.061393 0.166141 0.000000 0.000000 0.863454 -0.369521 0.000000 -0.166141 0.337834 0.914249 0.000000 0.000000 0.000000 0.000000 1.000000
0.935021 0.036352 0.107589 0.000000 0.000000 0.885840 -0.337875 0.000000 -0.107589 0.315921 0.935021 0.000000 0.000000 0.000000 0.000000 1.000000
0.951147 0.012893 0.042155 0.000000 0.000000 0.906457 -0.305848 0.000000 -0.042155 0.290906 0.951147 0.000000 0.000000 0.000000 0.000000 1.000000
0.957509 0.001830 0.006347 0.000000 0.000000 0.916864 -0.288334 0.000000 -0.006347 0.276082 0.957509 0.000000 0.000000 0.000000 0.000000 1.000000
0.959621 -0.000509 -0.001810 0.000000 0.000000 0.920877 -0.281289 0.000000 0.001810 0.269931 0.959621 0.000000 0.000000 0.000000 0.000000 1.000000
0.961256 -0.000495 -0.001795 0.000000 0.000000 0.924017 -0.275651 0.000000 0.001795 0.264971 0.961256 0.000000 0.000000 0.000000 0.000000 1.000000
0.960659 0.001682 0.006057 0.000000 0.000000 0.922903 -0.277663 0.000000 -0.006057 0.266739 0.960659 0.000000 0.000000 0.000000 0.000000 1.000000
0.958856 0.010189 0.036185 0.000000 0.000000 0.920714 -0.281579 0.000000 -0.036185 0.269993 0.958856 0.000000 0.000000 0.000000 0.000000 1.000000
0.953922 0.030764 0.110237 0.000000 0.000000 0.922120 -0.279070 0.000000 -0.110237 0.266211 0.953922 0.000000 0.000000 0.000000 0.000000 1.000000
0.940182 0.051117 0.174822 0.000000 0.000000 0.914504 -0.292397 0.000000 -0.174822 0.274906 0.940182 0.000000 0.000000 0.000000 0.000000 1.000000
0.971020 0.025724 0.127092 0.000000 0.000000 0.959033 -0.202404 0.000000 -0.127092 0.196538 0.971020 0.000000 0.000000 0.000000 0.000000 1.000000
0.983014 0.014242 -0.160718 0.000000 0.000000 0.992148 0.088612 0.000000 0.160718 -0.087107 0.983014 0.000000 0.000000 0.000000 0.000000 1.000000
0.991953 0.000337 -0.002659 0.000000 0.000000 0.983977 0.126582 0.000000 0.002659 -0.125563 0.991953 0.000000 0.000000 0.000000 0.000000 1.000000
0.957193 -0.034579 0.256000 0.000000 0.000000 0.981755 0.135075 0.000000 -0.256000 -0.129293 0.957193 0.000000 0.000000 0.000000 0.000000 1.000000
0.813568 -0.073612 0.566780 0.000000 0.000000 0.983132 0.129878 0.000000 -0.566780 -0.105665 0.813568 0.000000 0.000000 0.000000 0.000000 1.000000
0.956164 0.030851 -0.269536 0.000000 0.000000 0.986899 0.114461 0.000000 0.269536 -0.109444 0.956164 0.000000 0.000000 0.000000 0.000000 1.000000
0.992869 0.004285 -0.037913 0.000000 0.000000 0.987226 0.113022 0.000000 0.037913 -0.112216 0.992869 0.000000 0.000000 0.000000 0.000000 1.000000
0.984173 -0.014858 0.144145 0.000000 0.000000 0.989375 0.103078 0.000000 -0.144145 -0.101446 0.984173 0.000000 0.000000 0.000000 0.000000 1.000000
0.972546 -0.018642 0.216138 0.000000 0.000000 0.992561 0.086251 0.000000 -0.216138 -0.083883 0.972546 0.000000 0.000000 0.000000 0.000000 1.000000
0.975595 -0.023961 -0.163586 0.000000 0.000000 0.978546 -0.146472 0.000000 0.163586 0.142897 0.975595 0.000000 0.000000 0.000000 0.000000 1.000000
0.989686 -0.010118 -0.092497 0.000000 0.000000 0.988035 -0.109385 0.000000 0.092497 0.108257 0.989686 0.000000 0.000000 0.000000 0.000000 1.000000
0.995102 -0.002261 -0.023551 0.000000 0.000000 0.990782 -0.096009 0.000000 0.023551 0.095539 0.995102 0.000000 0.000000 0.000000 0.000000 1.000000
0.995170 -0.000706 -0.007211 0.000000 0.000000 0.990415 -0.097905 0.000000 0.007211 0.097432 0.995170 0.000000 0.000000 0.000000 0.000000 1.000000
0.995489 -0.000381 -0.004015 0.000000 0.000000 0.991014 -0.094793 0.000000 0.004015 0.094365 0.995489 0.000000 0.000000 0.000000 0.000000 1.000000
0.995864 -0.001775 -0.020029 0.000000 0.000000 0.992147 -0.088618 0.000000 0.020029 0.088252 0.995864 0.000000 0.000000 0.000000 0.000000 1.000000
0.994372 -0.005529 -0.068184 0.000000 0.000000 0.993425 -0.081087 0.000000 0.068184 0.080631 0.994372 0.000000 0.000000 0.000000 0.000000 1.000000
0.983315 -0.016441 -0.135677 0.000000 0.000000 0.985317 -0.121174 0.000000 0.135677 0.119152 0.983315 0.000000 0.000000 0.000000 0.000000 1.000000
0.978049 0.021260 0.161579 0.000000 0.000000 0.982687 -0.131578 0.000000 -0.161579 0.128690 0.978049 0.000000 0.000000 0.000000 0.000000 1.000000
0.989564 0.009491 0.078578 0.000000 0.000000 0.985411 -0.120783 0.000000 -0.078578 0.119523 0.989564 0.000000 0.000000 0.000000 0.000000 1.000000
0.994206 0.002561 0.024467 0.000000 0.000000 0.989044 -0.104671 0.000000 -0.024467 0.104064 0.994206 0.000000 0.000000 0.000000 0.000000 1.000000
0.995440 0.000147 0.001541 0.000000 0.000000 0.990903 -0.095380 0.000000 -0.001541 0.094945 0.995440 0.000000 0.000000 0.000000 0.000000 1.000000
0.995504 0.000000 0.000000 0.000000 0.000000 0.991029 -0.094714 0.000000 0.000000 0.094289 0.995504 0.000000 0.000000 0.000000 0.000000 1.000000
0.995626 0.000100 0.001069 0.000000 0.000000 0.991273 -0.093420 0.000000 -0.001069 0.093012 0.995626 0.000000 0.000000 0.000000 0.000000 1.000000
0.995005 0.002575 0.026778 0.000000 0.000000 0.990752 -0.096169 0.000000 -0.026778 0.095689 0.995005 0.000000 0.000000 0.000000 0.000000 1.000000
0.990061 0.009859 0.095430 0.000000 0.000000 0.989327 -0.103310 0.000000 -0.095430 0.102284 0.990061 0.000000 0.000000 0.000000 0.000000 1.000000
0.976601 0.020859 0.181959 0.000000 0.000000 0.986858 -0.114637 0.000000 -0.181959 0.111955 0.976601 0.000000 0.000000 0.000000 0.000000 1.000000
0.980393 0.016814 0.170656 0.000000 0.000000 0.990293 -0.098525 0.000000 -0.170656 0.096593 0.980393 0.000000 0.000000 0.000000 0.000000 1.000000
0.989275 0.009307 -0.126014 0.000000 0.000000 0.994545 0.073860 0.000000 0.126014 -0.073068 0.989275 0.000000 0.000000 0.000000 0.000000 1.000000
0.991694 -0.003911 0.031351 0.000000 0.000000 0.984440 0.124738 0.000000 -0.031351 -0.123702 0.991694 0.000000 0.000000 0.000000 0.000000 1.000000
0.970413 -0.028264 0.190466 0.000000 0.000000 0.977979 0.148396 0.000000 -0.190466 -0.144005 0.970413 0.000000 0.000000 0.000000 0.000000 1.000000
0.938126 0.054116 -0.292883 0.000000 0.000000 0.965860 0.184769 0.000000 0.292883 -0.173336 0.938126 0.000000 0.000000 0.000000 0.000000 1.000000
0.980748 0.011187 -0.060224 0.000000 0.000000 0.965494 0.185758 0.000000 0.060224 -0.182182 0.980748 0.000000 0.000000 0.000000 0.000000 1.000000
0.982109 -0.015255 0.093242 0.000000 0.000000 0.973232 0.163610 0.000000 -0.093242 -0.160683 0.982109 0.000000 0.000000 0.000000 0.000000 1.000000
0.984196 -0.004909 -0.174843 0.000000 0.000000 0.999212 -0.028079 0.000000 0.174843 0.027635 0.984196 0.000000 0.000000 0.000000 0.000000 1.000000
0.995899 -0.002454 -0.085837 0.000000 0.000000 0.999183 -0.028584 0.000000 0.085837 0.028467 0.995899 0.000000 0.000000 0.000000 0.000000 1.000000
0.999373 -0.000627 -0.025403 0.000000 0.000000 0.999391 -0.024683 0.000000 0.025403 0.024668 0.999373 0.000000 0.000000 0.000000 0.000000 1.000000
0.999784 -0.000061 -0.002959 0.000000 0.000000 0.999576 -0.020585 0.000000 0.002959 0.020580 0.999784 0.000000 0.000000 0.000000 0.000000 1.000000
0.999819 -0.000011 -0.000570 0.000000 0.000000 0.999638 -0.019033 0.000000 0.000570 0.019030 0.999819 0.000000 0.000000 0.000000 0.000000 1.000000
0.999875 -0.000093 -0.006397 0.000000 0.000000 0.999791 -0.014464 0.000000 0.006397 0.014462 0.999875 0.000000 0.000000 0.000000 0.000000 1.000000
0.999092 0.000225 -0.042281 0.000000 0.000000 0.999972 0.005333 0.000000 0.042281 -0.005328 0.999092 0.000000 0.000000 0.000000 0.000000 1.000000
0.992790 0.004498 -0.113075 0.000000 0.000000 0.998418 0.039777 0.000000 0.113075 -0.039490 0.992790 0.000000 0.000000 0.000000 0.000000 1.000000
0.975734 0.017464 -0.200980 0.000000 0.000000 0.992450 0.086893 0.000000 0.200980 -0.084785 0.975734 0.000000 0.000000 0.000000 0.000000 1.000000
0.965772 0.031219 -0.214887 0.000000 0.000000 0.978893 0.145283 0.000000 0.214887 -0.140310 0.965772 0.000000 0.000000 0.000000 0.000000 1.000000
0.989757 -0.009992 0.090479 0.000000 0.000000 0.987804 0.110434 0.000000 -0.090479 -0.109303 0.989757 0.000000 0.000000 0.000000 0.000000 1.000000
0.983431 -0.012881 0.163196 0.000000 0.000000 0.993770 0.078928 0.000000 -0.163196 -0.077621 0.983431 0.000000 0.000000 0.000000 0.000000 1.000000
0.989700 -0.004255 0.139888 0.000000 0.000000 0.999075 0.030417 0.000000 -0.139888 -0.030104 0.989700 0.000000 0.000000 0.000000 0.000000 1.000000
0.995546 0.002005 0.091710 0.000000 0.000000 0.999522 -0.021861 0.000000 -0.091710 0.021764 0.995546 0.000000 0.000000 0.000000 0.000000 1.000000
0.999011 0.000928 0.036441 0.000000 0.000000 0.999352 -0.025460 0.000000 -0.036441 0.025435 0.999011 0.000000 0.000000 0.000000 0.000000 1.000000
0.999771 0.000132 0.006454 0.000000 0.000000 0.999583 -0.020426 0.000000 -0.006454 0.020421 0.999771 0.000000 0.000000 0.000000 0.000000 1.000000
0.999829 0.000000 0.000000 0.000000 0.000000 0.999657 -0.018512 0.000000 0.000000 0.018509 0.999829 0.000000 0.000000 0.000000 0.000000 1.000000
0.999855 0.000106 0.006788 0.000000 0.000000 0.999756 -0.015617 0.000000 -0.006788 0.015615 0.999855 0.000000 0.000000 0.000000 0.000000 1.000000
0.999633 0.000101 0.026846 0.000000 0.000000 0.999986 -0.003765 0.000000 -0.026846 0.003764 0.999633 0.000000 0.000000 0.000000 0.000000 1.000000
0.996868 0.000192 0.079052 0.000000 0.000000 0.999994 -0.002432 0.000000 -0.079052 0.002424 0.996868 0.000000 0.000000 0.000000 0.000000 1.000000
0.985241 0.001236 0.171023 0.000000 0.000000 0.999948 -0.007227 0.000000 -0.171023 0.007120 0.985241 0.000000 0.000000 0.000000 0.000000 1.000000
0.980428 -0.001065 0.196805 0.000000 0.000000 0.999971 0.005413 0.000000 -0.196805 -0.005307 0.980428 0.000000 0.000000 0.000000 0.000000 1.000000
0.985189 0.014658 -0.125823 0.000000 0.000000 0.986428 0.116499 0.000000 0.125823 -0.114773 0.985189 0.000000 0.000000 0.000000 0.000000 1.000000
0.989901 -0.009101 0.076089 0.000000 0.000000 0.985695 0.119605 0.000000 -0.076089 -0.118398 0.989901 0.000000 0.000000 0.000000 0.000000 1.000000
0.936209 -0.056387 0.294863 0.000000 0.000000 0.963431 0.191230 0.000000 -0.294863 -0.179031 0.936209 0.000000 0.000000 0.000000 0.000000 1.000000
0.978109 0.008157 -0.204223 0.000000 0.000000 0.998405 0.039940 0.000000 0.204223 -0.039066 0.978109 0.000000 0.000000 0.000000 0.000000 1.000000
0.995324 0.000994 -0.096038 0.000000 0.000000 0.999893 0.010351 0.000000 0.096038 -0.010302 0.995324 0.000000 0.000000 0.000000 0.000000 1.000000
0.999674 -0.000012 -0.025534 0.000000 0.000000 1.000000 -0.000463 0.000000 0.025534 0.000463 0.999674 0.000000 0.000000 0.000000 0.000000 1.000000
0.999999 -0.000001 -0.000786 0.000000 0.000000 0.999999 -0.000787 0.000000 0.000786 0.000787 0.999999 0.000000 0.000000 0.000000 0.000000 1.000000
1.000000 0.000000 0.000000 0.000000 0.000000 1.000000 0.000000 0.000000 0.000000 0.000000 1.000000 0.000000 0.000000 0.000000 0.000000 1.000000
1.000000 0.000000 0.000000 0.000000 0.000000 1.000000 0.000000 0.000000 0.000000 0.000000 1.000000 0.000000 0.000000 0.000000 0.000000 1.000000
0.999852 0.000145 -0.013324 0.000000 0.000000 0.999882 0.010871 0.000000 0.013324 -0.010870 0.999852 0.000000 0.000000 0.000000 0.000000 1.000000
0.997397 0.002558 -0.055340 0.000000 0.000000 0.997863 0.046224 0.000000 0.055340 -0.046104 0.997397 0.000000 0.000000 0.000000 0.000000 1.000000
0.985563 0.014326 -0.121613 0.000000 0.000000 0.986124 0.117797 0.000000 0.121613 -0.116096 0.985563 0.000000 0.000000 0.000000 0.000000 1.000000
0.969692 0.028133 -0.140977 0.000000 0.000000 0.960177 0.199558 0.000000 0.140977 -0.193509 0.969692 0.000000 0.000000 0.000000 0.000000 1.000000
0.969665 0.013100 -0.055004 0.000000 0.000000 0.943275 0.238170 0.000000 0.055004 -0.230945 0.969665 0.000000 0.000000 0.000000 0.000000 1.000000
0.981526 -0.011898 0.066292 0.000000 0.000000 0.967788 0.179476 0.000000 -0.066292 -0.176161 0.981526 0.000000 0.000000 0.000000 0.000000 1.000000
0.988569 -0.011362 0.107913 0.000000 0.000000 0.988914 0.105292 0.000000 -0.107913 -0.104089 0.988569 0.000000 0.000000 0.000000 0.000000 1.000000
0.994879 -0.005021 0.077774 0.000000 0.000000 0.995832 0.064556 0.000000 -0.077774 -0.064226 0.994879 0.000000 0.000000 0.000000 0.000000 1.000000
0.997534 -0.002061 0.061724 0.000000 0.000000 0.998885 0.033397 0.000000 -0.061724 -0.033314 0.997534 0.000000 0.000000 0.000000 0.000000 1.000000
0.999498 -0.000165 0.031222 0.000000 0.000000 0.999972 0.005296 0.000000 -0.031222 -0.005294 0.999498 0.000000 0.000000 0.000000 0.000000 1.000000
0.999953 0.000005 0.009661 0.000000 0.000000 1.000000 -0.000546 0.000000 -0.009661 0.000546 0.999953 0.000000 0.000000 0.000000 0.000000 1.000000
1.000000 0.000000 0.000000 0.000000 0.000000 1.000000 0.000000 0.000000 0.000000 0.000000 1.000000 0.000000 0.000000 0.000000 0.000000 1.000000
0.999895 -0.000027 0.014399 0.000000 0.000000 0.999996 0.001882 0.000000 -0.014399 -0.001881 0.999895 0.000000 0.000000 0.000000 0.000000 1.000000
0.998784 -0.000765 0.046458 0.000000 0.000000 0.999729 0.016468 0.000000 -0.046458 -0.016448 0.998784 0.000000 0.000000 0.000000 0.000000 1.000000
0.994375 -0.004490 0.094719 0.000000 0.000000 0.997753 0.047404 0.000000 -0.094719 -0.047137 0.994375 0.000000 0.000000 0.000000 0.000000 1.000000
0.986538 -0.008816 0.153054 0.000000 0.000000 0.996682 0.057599 0.000000 -0.153054 -0.056824 0.986538 0.000000 0.000000 0.000000 0.000000 1.000000
0.980719 -0.005092 0.026296 0.000000 0.000000 0.962502 0.193645 0.000000 -0.026296 -0.189911 0.980719 0.000000 0.000000 0.000000 0.000000 1.000000
0.991279 0.004899 -0.125907 0.000000 0.000000 0.998486 0.038912 0.000000 0.125907 -0.038573 0.991279 0.000000 0.000000 0.000000 0.000000 1.000000
0.999229 0.000407 -0.037753 0.000000 0.000000 0.999884 0.010793 0.000000 0.037753 -0.010784 0.999229 0.000000 0.000000 0.000000 0.000000 1.000000
0.999999 0.000001 -0.001548 0.000000 0.000000 0.999999 0.000774 0.000000 0.001548 -0.000774 0.999999 0.000000 0.000000 0.000000 0.000000 1.000000
1.000000 0.000000 0.000000 0.000000 0.000000 1.000000 0.000000 0.000000 0.000000 0.000000 1.000000 0.000000 0.000000 0.000000 0.000000 1.000000
1.000000 0.000000 0.000000 0.000000 0.000000 1.000000 0.000000 0.000000 0.000000 0.000000 1.000000 0.000000 0.000000 0.000000 0.000000 1.000000
1.000000 0.000000 0.000000 0.000000 0.000000 1.000000 0.000000 0.000000 0.000000 0.000000 1.000000 0.000000 0.000000 0.000000 0.000000 1.000000
0.999752 0.000248 -0.015736 0.000000 0.000000 0.999752 0.015736 0.000000 0.015736 -0.015733 0.999752 0.000000 0.000000 0.000000 0.000000 1.000000
0.997319 0.002641 -0.047287 0.000000 0.000000 0.996881 0.055849 0.000000 0.047287 -0.055700 0.997319 0.000000 0.000000 0.000000 0.000000 1.000000
0.989709 0.009099 -0.074463 0.000000 0.000000 0.985069 0.122192 0.000000 0.074463 -0.120935 0.989709 0.000000 0.000000 0.000000 0.000000 1.000000
0.984587 0.005076 -0.029445 0.000000 0.000000 0.970278 0.172401 0.000000 0.029445 -0.169744 0.984587 0.000000 0.000000 0.000000 0.000000 1.000000
0.991046 -0.003187 0.024276 0.000000 0.000000 0.982761 0.131297 0.000000 -0.024276 -0.130121 0.991046 0.000000 0.000000 0.000000 0.000000 1.000000
0.993166 -0.005309 0.050438 0.000000 0.000000 0.988922 0.105252 0.000000 -0.050438 -0.104533 0.993166 0.000000 0.000000 0.000000 0.000000 1.000000
0.997159 -0.002821 0.050361 0.000000 0.000000 0.996862 0.056020 0.000000 -0.050361 -0.055861 0.997159 0.000000 0.000000 0.000000 0.000000 1.000000
0.999168 -0.000827 0.030367 0.000000 0.000000 0.999259 0.027230 0.000000 -0.030367 -0.027207 0.999168 0.000000 0.000000 0.000000 0.000000 1.000000
0.999789 -0.000201 0.016642 0.000000 0.000000 0.999855 0.012059 0.000000 -0.016642 -0.012057 0.999789 0.000000 0.000000 0.000000 0.000000 1.000000
0.999979 -0.000013 0.006097 0.000000 0.000000 0.999996 0.002078 0.000000 -0.006097 -0.002078 0.999979 0.000000 0.000000 0.000000 0.000000 1.000000
0.999998 -0.000002 0.001356 0.000000 0.000000 0.999998 0.001356 0.000000 -0.001356 -0.001356 0.999998 0.000000 0.000000 0.000000 0.000000 1.000000
0.999805 -0.000100 0.019010 0.000000 0.000000 0.999972 0.005253 0.000000 -0.019010 -0.005252 0.999805 0.000000 0.000000 0.000000 0.000000 1.000000
0.997760 -0.000963 0.065250 0.000000 0.000000 0.999782 0.014758 0.000000 -0.065250 -0.014725 0.997760 0.000000 0.000000 0.000000 0.000000 1.000000
0.990001 -0.005342 0.135430 0.000000 0.000000 0.998444 0.039444 0.000000 -0.135430 -0.039050 0.990001 0.000000 0.000000 0.000000 0.000000 1.000000
0.978221 -0.014787 0.192890 0.000000 0.000000 0.994123 0.076660 0.000000 -0.192890 -0.074990 0.978221 0.000000 0.000000 0.000000 0.000000 1.000000
0.983018 0.011484 -0.170742 0.000000 0.000000 0.995476 0.067257 0.000000 0.170742 -0.066115 0.983018 0.000000 0.000000 0.000000 0.000000 1.000000
0.997620 0.001668 -0.063810 0.000000 0.000000 0.999317 0.026134 0.000000 0.063810 -0.026072 0.997620 0.000000 0.000000 0.000000 0.000000 1.000000
0.999973 0.000016 -0.006947 0.000000 0.000000 0.999995 0.002312 0.000000 0.006947 -0.002312 0.999973 0.000000 0.000000 0.000000 0.000000 1.000000
1.000000 0.000000 0.000000 0.000000 0.000000 1.000000 0.000000 0.000000 0.000000 0.000000 1.000000 0.000000 0.000000 0.000000 0.000000 1.000000
1.000000 0.000000 0.000000 0.000000 0.000000 1.000000 0.000000 0.000000 0.000000 0.000000 1.000000 0.000000 0.000000 0.000000 0.000000 1.000000
1.000000 0.000000 0.000000 0.000000 0.000000 1.000000 0.000000 0.000000 0.000000 0.000000 1.000000 0.000000 0.000000 0.000000 0.000000 1.000000
1.000000 0.000000 0.000000 0.000000 0.000000 1.000000 0.000000 0.000000 0.000000 0.000000 1.000000 0.000000 0.000000 0.000000 0.000000 1.000000
0.999852 0.000145 -0.010873 0.000000 0.000000 0.999822 0.013326 0.000000 0.010873 -0.013324 0.999852 0.000000 0.000000 0.000000 0.000000 1.000000
0.998728 0.001116 -0.025749 0.000000 0.000000 0.998121 0.043350 0.000000 0.025749 -0.043295 0.998728 0.000000 0.000000 0.000000 0.000000 1.000000
0.996796 0.001885 -0.024787 0.000000 0.000000 0.994217 0.076049 0.000000 0.024787 -0.075805 0.996796 0.000000 0.000000 0.000000 0.000000 1.000000
0.997239 -0.000558 0.007556 0.000000 0.000000 0.994542 0.073880 0.000000 -0.007556 -0.073676 0.997239 0.000000 0.000000 0.000000 0.000000 1.000000
0.998352 -0.000879 0.015942 0.000000 0.000000 0.996960 0.055136 0.000000 -0.015942 -0.055045 0.998352 0.000000 0.000000 0.000000 0.000000 1.000000
0.999140 -0.000722 0.019830 0.000000 0.000000 0.998675 0.036405 0.000000 -0.019830 -0.036374 0.999140 0.000000 0.000000 0.000000 0.000000 1.000000
0.999742 -0.000250 0.014019 0.000000 0.000000 0.999681 0.017849 0.000000 -0.014019 -0.017845 0.999742 0.000000 0.000000 0.000000 0.000000 1.000000
0.999964 -0.000034 0.005110 0.000000 0.000000 0.999955 0.006704 0.000000 -0.005110 -0.006704 0.999964 0.000000 0.000000 0.000000 0.000000 1.000000
0.999993 -0.000007 0.002674 0.000000 0.000000 0.999993 0.002666 0.000000 -0.002674 -0.002666 0.999993 0.000000 0.000000 0.000000 0.000000 1.000000
0.999944 -0.000056 0.007583 0.000000 0.000000 0.999945 0.007416 0.000000 -0.007583 -0.007415 0.999944 0.000000 0.000000 0.000000 0.000000 1.000000
0.999447 -0.000531 0.026566 0.000000 0.000000 0.999600 0.020000 0.000000 -0.026566 -0.019989 0.999447 0.000000 0.000000 0.000000 0.000000 1.000000
0.996946 -0.002108 0.072480 0.000000 0.000000 0.999154 0.029079 0.000000 -0.072480 -0.028990 0.996946 0.000000 0.000000 0.000000 0.000000 1.000000
0.986701 -0.007512 0.155167 0.000000 0.000000 0.997656 0.048413 0.000000 -0.155167 -0.047770 0.986701 0.000000 0.000000 0.000000 0.000000 1.000000
0.975448 -0.015022 0.208058 0.000000 0.000000 0.994787 0.072199 0.000000 -0.208058 -0.070427 0.975448 0.000000 0.000000 0.000000 0.000000 1.000000
0.968761 0.024589 -0.221851 0.000000 0.000000 0.987715 0.110838 0.000000 0.221851 -0.107375 0.968761 0.000000 0.000000 0.000000 0.000000 1.000000
0.993209 0.005414 -0.104065 0.000000 0.000000 0.997293 0.052026 0.000000 0.104065 -0.051673 0.993209 0.000000 0.000000 0.000000 0.000000 1.000000
0.999571 0.000343 -0.026207 0.000000 0.000000 0.999828 0.013102 0.000000 0.026207 -0.013097 0.999571 0.000000 0.000000 0.000000 0.000000 1.000000
1.000000 0.000000 0.000000 0.000000 0.000000 1.000000 0.000000 0.000000 0.000000 0.000000 1.000000 0.000000 0.000000 0.000000 0.000000 1.000000
1.000000 0.000000 0.000000 0.000000 0.000000 1.000000 0.000000 0.000000 0.000000 0.000000 1.000000 0.000000 0.000000 0.000000 0.000000 1.000000
1.000000 0.000000 0.000000 0.000000 0.000000 1.000000 0.000000 0.000000 0.000000 0.000000 1.000000 0.000000 0.000000 0.000000 0.000000 1.000000
1.000000 0.000000 0.000000 0.000000 0.000000 1.000000 0.000000 0.000000 0.000000 0.000000 1.000000 0.000000 0.000000 0.000000 0.000000 1.000000
1.000000 0.000000 0.000000 0.000000 0.000000 1.000000 0.000000 0.000000 0.000000 0.000000 1.000000 0.000000 0.000000 0.000000 0.000000 1.000000
0.999971 0.000026 -0.004134 0.000000 0.000000 0.999960 0.006324 0.000000 0.004134 -0.006323 0.999971 0.000000 0.000000 0.000000 0.000000 1.000000
0.999786 0.000142 -0.007319 0.000000 0.000000 0.999626 0.019344 0.000000 0.007319 -0.019340 0.999786 0.000000 0.000000 0.000000 0.000000 1.000000
0.999673 0.000033 -0.001288 0.000000 0.000000 0.999348 0.025525 0.000000 0.001288 -0.025516 0.999673 0.000000 0.000000 0.000000 0.000000 1.000000
0.999758 -0.000100 0.004653 0.000000 0.000000 0.999538 0.021483 0.000000 -0.004653 -0.021478 0.999758 0.000000 0.000000 0.000000 0.000000 1.000000
0.999899 -0.000062 0.004631 0.000000 0.000000 0.999819 0.013462 0.000000 -0.004631 -0.013461 0.999899 0.000000 0.000000 0.000000 0.000000 1.000000
0.999982 -0.000015 0.002830 0.000000 0.000000 0.999973 0.005202 0.000000 -0.002830 -0.005201 0.999982 0.000000 0.000000 0.000000 0.000000 1.000000
0.999999 -0.000001 0.000786 0.000000 0.000000 0.999999 0.000787 0.000000 -0.000786 -0.000787 0.999999 0.000000 0.000000 0.000000 0.000000 1.000000
0.999972 -0.000020 0.006945 0.000000 0.000000 0.999991 0.002935 0.000000 -0.006945 -0.002935 0.999972 0.000000 0.000000 0.000000 0.000000 1.000000
0.999599 -0.000383 0.022800 0.000000 0.000000 0.999717 0.016819 0.000000 -0.022800 -0.016812 0.999599 0.000000 0.000000 0.000000 0.000000 1.000000
0.998310 -0.001673 0.043734 0.000000 0.000000 0.998536 0.038261 0.000000 -0.043734 -0.038197 0.998310 0.000000 0.000000 0.000000 0.000000 1.000000
0.993380 -0.006318 0.092183 0.000000 0.000000 0.995302 0.068541 0.000000 -0.092183 -0.068087 0.993380 0.000000 0.000000 0.000000 0.000000 1.000000
0.985206 -0.012735 0.148314 0.000000 0.000000 0.992627 0.085864 0.000000 -0.148314 -0.084594 0.985206 0.000000 0.000000 0.000000 0.000000 1.000000
0.980034 0.017519 -0.170063 0.000000 0.000000 0.989388 0.103016 0.000000 0.170063 -0.100959 0.980034 0.000000 0.000000 0.000000 0.000000 1.000000
0.997254 0.002401 -0.063768 0.000000 0.000000 0.998583 0.037646 0.000000 0.063768 -0.037542 0.997254 0.000000 0.000000 0.000000 0.000000 1.000000
0.999965 0.000032 -0.006947 0.000000 0.000000 0.999979 0.004635 0.000000 0.006947 -0.004635 0.999965 0.000000 0.000000 0.000000 0.000000 1.000000
1.000000 0.000000 0.000000 0.000000 0.000000 1.000000 0.000000 0.000000 0.000000 0.000000 1.000000 0.000000 0.000000 0.000000 0.000000 1.000000
1.000000 0.000000 0.000000 0.000000 0.000000 1.000000 0.000000 0.000000 0.000000 0.000000 1.000000 0.000000 0.000000 0.000000 0.000000 1.000000
1.000000 0.000000 0.000000 0.000000 0.000000 1.000000 0.000000 0.000000 0.000000 0.000000 1.000000 0.000000 0.000000 0.000000 0.000000 1.000000
1.000000 0.000000 0.000000 0.000000 0.000000 1.000000 0.000000 0.000000 0.000000 0.000000 1.000000 0.000000 0.000000 0.000000 0.000000 1.000000
1.000000 0.000000 0.000000 0.000000 0.000000 1.000000 0.000000 0.000000 0.000000 0.000000 1.000000 0.000000 0.000000 0.000000 0.000000 1.000000
0.999999 0.000001 -0.000660 0.000000 0.000000 0.999998 0.001322 0.000000 0.000660 -0.001322 0.999999 0.000000 0.000000 0.000000 0.000000 1.000000
0.999994 0.000002 -0.000651 0.000000 0.000000 0.999989 0.003288 0.000000 0.000651 -0.003288 0.999994 0.000000 0.000000 0.000000 0.000000 1.000000
0.999996 -0.000002 0.000648 0.000000 0.000000 0.999993 0.002667 0.000000 -0.000648 -0.002667 0.999996 0.000000 0.000000 0.000000 0.000000 1.000000
1.000000 -0.000000 0.000671 0.000000 0.000000 1.000000 0.000674 0.000000 -0.000671 -0.000674 1.000000 0.000000 0.000000 0.000000 0.000000 1.000000
1.000000 0.000000 0.000000 0.000000 0.000000 1.000000 0.000000 0.000000 0.000000 0.000000 1.000000 0.000000 0.000000 0.000000 0.000000 1.000000
0.999998 -0.000002 0.001356 0.000000 0.000000 0.999998 0.001356 0.000000 -0.001356 -0.001356 0.999998 0.000000 0.000000 0.000000 0.000000 1.000000
0.999861 -0.000102 0.015253 0.000000 0.000000 0.999955 0.006696 0.000000 -0.015253 -0.006695 0.999861 0.000000 0.000000 0.000000 0.000000 1.000000
0.998706 -0.001040 0.045415 0.000000 0.000000 0.999476 0.022902 0.000000 -0.045415 -0.022872 0.998706 0.000000 0.000000 0.000000 0.000000 1.000000
0.994659 -0.005088 0.083107 0.000000 0.000000 0.996252 0.061217 0.000000 -0.083107 -0.060890 0.994659 0.000000 0.000000 0.000000 0.000000 1.000000
0.988961 -0.010652 0.116759 0.000000 0.000000 0.991677 0.091231 0.000000 -0.116759 -0.090224 0.988961 0.000000 0.000000 0.000000 0.000000 1.000000
0.988939 0.010093 -0.123994 0.000000 0.000000 0.993374 0.081399 0.000000 0.123994 -0.080499 0.988939 0.000000 0.000000 0.000000 0.000000 1.000000
