-0.999995 0.000000 0.003305 0.000000 0.000000 1.000000 0.000000 0.000000 -0.003305 0.000000 -0.999995 0.000000 0.000000 0.000000 0.000000 1.000000
-0.991496 0.000000 -0.130134 0.000000 0.000000 1.000000 0.000001 0.000000 0.130134 0.000001 -0.991496 0.000000 0.000000 0.000000 0.000000 1.000000
-0.991433 -0.000000 -0.130615 0.000000 0.000000 1.000000 -0.000003 0.000000 0.130615 -0.000003 -0.991433 0.000000 0.000000 0.000000 0.000000 1.000000
-0.991467 0.000000 -0.130361 0.000000 0.000000 1.000000 0.000003 0.000000 0.130361 0.000003 -0.991467 0.000000 0.000000 0.000000 0.000000 1.000000
-0.991350 0.000000 -0.131242 0.000000 0.000000 1.000000 0.000001 0.000000 0.131242 0.000001 -0.991350 0.000000 0.000000 0.000000 0.000000 1.000000
-0.991648 -0.000003 -0.128974 0.000000 0.000000 1.000000 -0.000020 0.000000 0.128974 -0.000020 -0.991648 0.000000 0.000000 0.000000 0.000000 1.000000
-0.991424 0.000001 -0.130682 0.000000 0.000000 1.000000 0.000007 0.000000 0.130682 0.000007 -0.991424 0.000000 0.000000 0.000000 0.000000 1.000000
-0.991317 0.000003 -0.131492 0.000000 0.000000 1.000000 0.000019 0.000000 0.131492 0.000019 -0.991317 0.000000 0.000000 0.000000 0.000000 1.000000
-0.991466 -0.000001 -0.130364 0.000000 0.000000 1.000000 -0.000007 0.000000 0.130364 -0.000007 -0.991466 0.000000 0.000000 0.000000 0.000000 1.000000
-0.991458 -0.000000 -0.130426 0.000000 0.000000 1.000000 -0.000004 0.000000 0.130426 -0.000004 -0.991458 0.000000 0.000000 0.000000 0.000000 1.000000
-0.991449 -0.000000 -0.130497 0.000000 0.000000 1.000000 -0.000002 0.000000 0.130497 -0.000001 -0.991449 0.000000 0.000000 0.000000 0.000000 1.000000
-0.991448 -0.000000 -0.130504 0.000000 0.000000 1.000000 -0.000004 0.000000 0.130504 -0.000004 -0.991448 0.000000 0.000000 0.000000 0.000000 1.000000
-0.991444 -0.000000 -0.130529 0.000000 0.000000 1.000000 -0.000002 0.000000 0.130529 -0.000002 -0.991444 0.000000 0.000000 0.000000 0.000000 1.000000
-0.972804 -0.000000 -0.231631 0.000000 0.000000 1.000000 -0.000001 0.000000 0.231631 -0.000001 -0.972804 0.000000 0.000000 0.000000 0.000000 1.000000
-0.923672 -0.000001 -0.383185 0.000000 0.000000 1.000000 -0.000003 0.000000 0.383185 -0.000003 -0.923672 0.000000 0.000000 0.000000 0.000000 1.000000
-0.923910 -0.000003 -0.382611 0.000000 0.000000 1.000000 -0.000007 0.000000 0.382611 -0.000006 -0.923910 0.000000 0.000000 0.000000 0.000000 1.000000
-0.923804 -0.000002 -0.382867 0.000000 0.000000 1.000000 -0.000004 0.000000 0.382867 -0.000004 -0.923804 0.000000 0.000000 0.000000 0.000000 1.000000
-0.923451 0.000003 -0.383716 0.000000 0.000000 1.000000 0.000007 0.000000 0.383716 0.000006 -0.923451 0.000000 0.000000 0.000000 0.000000 1.000000
-0.923843 -0.000001 -0.382773 0.000000 0.000000 1.000000 -0.000003 0.000000 0.382773 -0.000003 -0.923843 0.000000 0.000000 0.000000 0.000000 1.000000
-0.924076 -0.000003 -0.382209 0.000000 0.000000 1.000000 -0.000007 0.000000 0.382209 -0.000007 -0.924076 0.000000 0.000000 0.000000 0.000000 1.000000
-0.923595 0.000007 -0.383370 0.000000 0.000000 1.000000 0.000017 0.000000 0.383370 0.000016 -0.923595 0.000000 0.000000 0.000000 0.000000 1.000000
-0.923748 0.000002 -0.383002 0.000000 0.000000 1.000000 0.000006 0.000000 0.383002 0.000006 -0.923748 0.000000 0.000000 0.000000 0.000000 1.000000
-0.923982 -0.000006 -0.382436 0.000000 0.000000 1.000000 -0.000016 0.000000 0.382436 -0.000015 -0.923982 0.000000 0.000000 0.000000 0.000000 1.000000
-0.923933 -0.000004 -0.382554 0.000000 0.000000 1.000000 -0.000009 0.000000 0.382554 -0.000009 -0.923933 0.000000 0.000000 0.000000 0.000000 1.000000
-0.923869 -0.000000 -0.382709 0.000000 0.000000 1.000000 -0.000000 0.000000 0.382709 -0.000000 -0.923869 0.000000 0.000000 0.000000 0.000000 1.000000
-0.923868 -0.000001 -0.382711 0.000000 0.000000 1.000000 -0.000003 0.000000 0.382711 -0.000003 -0.923868 0.000000 0.000000 0.000000 0.000000 1.000000
-0.882554 -0.000001 -0.470211 0.000000 0.000000 1.000000 -0.000001 0.000000 0.470211 -0.000001 -0.882554 0.000000 0.000000 0.000000 0.000000 1.000000
-0.798078 0.000000 -0.602554 0.000000 0.000000 1.000000 0.000000 0.000000 0.602554 0.000000 -0.798078 0.000000 0.000000 0.000000 0.000000 1.000000
-0.792847 -0.000000 -0.609420 0.000000 0.000000 1.000000 -0.000001 0.000000 0.609420 -0.000000 -0.792847 0.000000 0.000000 0.000000 0.000000 1.000000
-0.793444 -0.000000 -0.608643 0.000000 0.000000 1.000000 -0.000000 0.000000 0.608643 -0.000000 -0.793444 0.000000 0.000000 0.000000 0.000000 1.000000
-0.792941 0.000003 -0.609298 0.000000 0.000000 1.000000 0.000004 0.000000 0.609298 0.000003 -0.792941 0.000000 0.000000 0.000000 0.000000 1.000000
-0.793468 -0.000003 -0.608612 0.000000 0.000000 1.000000 -0.000004 0.000000 0.608612 -0.000004 -0.793468 0.000000 0.000000 0.000000 0.000000 1.000000
-0.793334 -0.000001 -0.608787 0.000000 0.000000 1.000000 -0.000001 0.000000 0.608787 -0.000001 -0.793334 0.000000 0.000000 0.000000 0.000000 1.000000
-0.793265 0.000003 -0.608876 0.000000 0.000000 1.000000 0.000005 0.000000 0.608876 0.000004 -0.793265 0.000000 0.000000 0.000000 0.000000 1.000000
-0.793075 0.000009 -0.609123 0.000000 0.000000 1.000000 0.000015 0.000000 0.609123 0.000012 -0.793075 0.000000 0.000000 0.000000 0.000000 1.000000
-0.793398 -0.000004 -0.608703 0.000000 0.000000 1.000000 -0.000007 0.000000 0.608703 -0.000005 -0.793398 0.000000 0.000000 0.000000 0.000000 1.000000
-0.793397 -0.000002 -0.608704 0.000000 0.000000 1.000000 -0.000003 0.000000 0.608704 -0.000003 -0.793397 0.000000 0.000000 0.000000 0.000000 1.000000
-0.793313 0.000003 -0.608814 0.000000 0.000000 1.000000 0.000005 0.000000 0.608814 0.000004 -0.793313 0.000000 0.000000 0.000000 0.000000 1.000000
-0.793364 -0.000000 -0.608748 0.000000 0.000000 1.000000 -0.000001 0.000000 0.608748 -0.000000 -0.793364 0.000000 0.000000 0.000000 0.000000 1.000000
-0.725628 0.000001 -0.688087 0.000000 0.000000 1.000000 0.000001 0.000000 0.688087 0.000001 -0.725628 0.000000 0.000000 0.000000 0.000000 1.000000
-0.602752 0.000166 -0.797928 0.000000 0.000000 1.000000 0.000208 0.000000 0.797928 0.000125 -0.602752 0.000000 0.000000 0.000000 0.000000 1.000000
-0.604463 0.000119 -0.796633 0.000000 0.000000 1.000000 0.000149 0.000000 0.796633 0.000090 -0.604463 0.000000 0.000000 0.000000 0.000000 1.000000
-0.608515 0.000012 -0.793542 0.000000 0.000000 1.000000 0.000015 0.000000 0.793542 0.000009 -0.608515 0.000000 0.000000 0.000000 0.000000 1.000000
-0.607971 0.000030 -0.793959 0.000000 0.000000 1.000000 0.000038 0.000000 0.793959 0.000023 -0.607971 0.000000 0.000000 0.000000 0.000000 1.000000
-0.609037 -0.000008 -0.793142 0.000000 0.000000 1.000000 -0.000010 0.000000 0.793142 -0.000006 -0.609037 0.000000 0.000000 0.000000 0.000000 1.000000
-0.609688 -0.000032 -0.792642 0.000000 0.000000 1.000000 -0.000040 0.000000 0.792642 -0.000024 -0.609688 0.000000 0.000000 0.000000 0.000000 1.000000
-0.608643 0.000008 -0.793444 0.000000 0.000000 1.000000 0.000010 0.000000 0.793444 0.000006 -0.608643 0.000000 0.000000 0.000000 0.000000 1.000000
-0.608534 0.000016 -0.793528 0.000000 0.000000 1.000000 0.000020 0.000000 0.793528 0.000012 -0.608534 0.000000 0.000000 0.000000 0.000000 1.000000
-0.608692 0.000007 -0.793407 0.000000 0.000000 1.000000 0.000009 0.000000 0.793407 0.000006 -0.608692 0.000000 0.000000 0.000000 0.000000 1.000000
-0.608703 0.000008 -0.793398 0.000000 0.000000 1.000000 0.000011 0.000000 0.793398 0.000006 -0.608703 0.000000 0.000000 0.000000 0.000000 1.000000
-0.608704 0.000006 -0.793397 0.000000 0.000000 1.000000 0.000007 0.000000 0.793397 0.000004 -0.608704 0.000000 0.000000 0.000000 0.000000 1.000000
-0.608814 -0.000004 -0.793313 0.000000 0.000000 1.000000 -0.000005 0.000000 0.793313 -0.000003 -0.608814 0.000000 0.000000 0.000000 0.000000 1.000000
-0.522645 0.000002 -0.852551 0.000000 0.000000 1.000000 0.000002 0.000000 0.852551 0.000001 -0.522645 0.000000 0.000000 0.000000 0.000000 1.000000
-0.381077 0.000042 -0.924543 0.000000 0.000000 1.000000 0.000046 0.000000 0.924543 0.000017 -0.381077 0.000000 0.000000 0.000000 0.000000 1.000000
-0.383185 -0.000012 -0.923672 0.000000 0.000000 1.000000 -0.000013 0.000000 0.923672 -0.000005 -0.383185 0.000000 0.000000 0.000000 0.000000 1.000000
-0.383550 -0.000022 -0.923520 0.000000 0.000000 1.000000 -0.000024 0.000000 0.923520 -0.000009 -0.383550 0.000000 0.000000 0.000000 0.000000 1.000000
-0.383044 -0.000007 -0.923730 0.000000 0.000000 1.000000 -0.000008 0.000000 0.923730 -0.000003 -0.383044 0.000000 0.000000 0.000000 0.000000 1.000000
-0.381495 0.000043 -0.924371 0.000000 0.000000 1.000000 0.000046 0.000000 0.924371 0.000018 -0.381495 0.000000 0.000000 0.000000 0.000000 1.000000
-0.382310 0.000011 -0.924034 0.000000 0.000000 1.000000 0.000012 0.000000 0.924034 0.000004 -0.382310 0.000000 0.000000 0.000000 0.000000 1.000000
-0.383443 -0.000036 -0.923565 0.000000 0.000000 1.000000 -0.000039 0.000000 0.923565 -0.000015 -0.383443 0.000000 0.000000 0.000000 0.000000 1.000000
-0.382700 -0.000001 -0.923873 0.000000 0.000000 1.000000 -0.000001 0.000000 0.923873 -0.000001 -0.382700 0.000000 0.000000 0.000000 0.000000 1.000000
-0.382463 0.000014 -0.923971 0.000000 0.000000 1.000000 0.000015 0.000000 0.923971 0.000006 -0.382463 0.000000 0.000000 0.000000 0.000000 1.000000
-0.382720 -0.000006 -0.923865 0.000000 0.000000 1.000000 -0.000006 0.000000 0.923865 -0.000002 -0.382720 0.000000 0.000000 0.000000 0.000000 1.000000
-0.382850 -0.000017 -0.923811 0.000000 0.000000 1.000000 -0.000018 0.000000 0.923811 -0.000007 -0.382850 0.000000 0.000000 0.000000 0.000000 1.000000
-0.382664 0.000003 -0.923887 0.000000 0.000000 1.000000 0.000003 0.000000 0.923887 0.000001 -0.382664 0.000000 0.000000 0.000000 0.000000 1.000000
-0.284180 0.000001 -0.958771 0.000000 0.000000 1.000000 0.000001 0.000000 0.958771 0.000000 -0.284180 0.000000 0.000000 0.000000 0.000000 1.000000
-0.130066 0.000012 -0.991505 0.000000 0.000000 1.000000 0.000012 0.000000 0.991505 0.000002 -0.130066 0.000000 0.000000 0.000000 0.000000 1.000000
-0.129204 0.000035 -0.991618 0.000000 0.000000 1.000000 0.000035 0.000000 0.991618 0.000005 -0.129204 0.000000 0.000000 0.000000 0.000000 1.000000
-0.129670 0.000022 -0.991557 0.000000 0.000000 1.000000 0.000022 0.000000 0.991557 0.000003 -0.129670 0.000000 0.000000 0.000000 0.000000 1.000000
-0.130843 -0.000008 -0.991403 0.000000 0.000000 1.000000 -0.000008 0.000000 0.991403 -0.000001 -0.130843 0.000000 0.000000 0.000000 0.000000 1.000000
-0.130804 -0.000010 -0.991408 0.000000 0.000000 1.000000 -0.000011 0.000000 0.991408 -0.000001 -0.130804 0.000000 0.000000 0.000000 0.000000 1.000000
-0.130824 -0.000008 -0.991406 0.000000 0.000000 1.000000 -0.000009 0.000000 0.991406 -0.000001 -0.130824 0.000000 0.000000 0.000000 0.000000 1.000000
-0.129885 0.000026 -0.991529 0.000000 0.000000 1.000000 0.000027 0.000000 0.991529 0.000003 -0.129885 0.000000 0.000000 0.000000 0.000000 1.000000
-0.130194 0.000014 -0.991489 0.000000 0.000000 1.000000 0.000014 0.000000 0.991489 0.000002 -0.130194 0.000000 0.000000 0.000000 0.000000 1.000000
-0.130445 0.000002 -0.991456 0.000000 0.000000 1.000000 0.000002 0.000000 0.991456 0.000000 -0.130445 0.000000 0.000000 0.000000 0.000000 1.000000
-0.130673 -0.000014 -0.991426 0.000000 0.000000 1.000000 -0.000015 0.000000 0.991426 -0.000002 -0.130673 0.000000 0.000000 0.000000 0.000000 1.000000
-0.130707 -0.000022 -0.991421 0.000000 0.000000 1.000000 -0.000022 0.000000 0.991421 -0.000003 -0.130707 0.000000 0.000000 0.000000 0.000000 1.000000
-0.130531 -0.000004 -0.991444 0.000000 0.000000 1.000000 -0.000004 0.000000 0.991444 -0.000001 -0.130531 0.000000 0.000000 0.000000 0.000000 1.000000
-0.026272 0.000003 -0.999655 0.000000 0.000000 1.000000 0.000003 0.000000 0.999655 0.000000 -0.026272 0.000000 0.000000 0.000000 0.000000 1.000000
0.130075 -0.000012 -0.991504 0.000000 0.000000 1.000000 -0.000012 0.000000 0.991504 0.000002 0.130075 0.000000 0.000000 0.000000 0.000000 1.000000
0.128709 -0.000049 -0.991682 0.000000 0.000000 1.000000 -0.000049 0.000000 0.991682 0.000006 0.128709 0.000000 0.000000 0.000000 0.000000 1.000000
0.129670 -0.000022 -0.991557 0.000000 0.000000 1.000000 -0.000022 0.000000 0.991557 0.000003 0.129670 0.000000 0.000000 0.000000 0.000000 1.000000
0.130843 0.000008 -0.991403 0.000000 0.000000 1.000000 0.000008 0.000000 0.991403 -0.000001 0.130843 0.000000 0.000000 0.000000 0.000000 1.000000
0.131091 0.000020 -0.991370 0.000000 0.000000 1.000000 0.000020 0.000000 0.991370 -0.000003 0.131091 0.000000 0.000000 0.000000 0.000000 1.000000
0.130831 0.000008 -0.991405 0.000000 0.000000 1.000000 0.000008 0.000000 0.991405 -0.000001 0.130831 0.000000 0.000000 0.000000 0.000000 1.000000
0.129715 -0.000034 -0.991551 0.000000 0.000000 1.000000 -0.000034 0.000000 0.991551 0.000004 0.129715 0.000000 0.000000 0.000000 0.000000 1.000000
0.130994 0.000030 -0.991383 0.000000 0.000000 1.000000 0.000030 0.000000 0.991383 -0.000004 0.130994 0.000000 0.000000 0.000000 0.000000 1.000000
0.130692 0.000008 -0.991423 0.000000 0.000000 1.000000 0.000008 0.000000 0.991423 -0.000001 0.130692 0.000000 0.000000 0.000000 0.000000 1.000000
0.130215 -0.000017 -0.991486 0.000000 0.000000 1.000000 -0.000017 0.000000 0.991486 0.000002 0.130215 0.000000 0.000000 0.000000 0.000000 1.000000
0.130742 0.000024 -0.991416 0.000000 0.000000 1.000000 0.000024 0.000000 0.991416 -0.000003 0.130742 0.000000 0.000000 0.000000 0.000000 1.000000
0.130531 0.000003 -0.991444 0.000000 0.000000 1.000000 0.000003 0.000000 0.991444 -0.000000 0.130531 0.000000 0.000000 0.000000 0.000000 1.000000
0.233311 -0.000003 -0.972402 0.000000 0.000000 1.000000 -0.000003 0.000000 0.972402 0.000001 0.233311 0.000000 0.000000 0.000000 0.000000 1.000000
0.381110 -0.000045 -0.924530 0.000000 0.000000 1.000000 -0.000048 0.000000 0.924530 0.000018 0.381110 0.000000 0.000000 0.000000 0.000000 1.000000
0.379974 -0.000074 -0.924997 0.000000 0.000000 1.000000 -0.000080 0.000000 0.924997 0.000031 0.379974 0.000000 0.000000 0.000000 0.000000 1.000000
0.382611 -0.000003 -0.923910 0.000000 0.000000 1.000000 -0.000003 0.000000 0.923910 0.000001 0.382611 0.000000 0.000000 0.000000 0.000000 1.000000
0.383073 0.000011 -0.923718 0.000000 0.000000 1.000000 0.000012 0.000000 0.923718 -0.000005 0.383073 0.000000 0.000000 0.000000 0.000000 1.000000
0.382256 -0.000018 -0.924056 0.000000 0.000000 1.000000 -0.000019 0.000000 0.924056 0.000007 0.382256 0.000000 0.000000 0.000000 0.000000 1.000000
0.382632 -0.000003 -0.923901 0.000000 0.000000 1.000000 -0.000003 0.000000 0.923901 0.000001 0.382632 0.000000 0.000000 0.000000 0.000000 1.000000
0.383340 0.000025 -0.923607 0.000000 0.000000 1.000000 0.000027 0.000000 0.923607 -0.000010 0.383340 0.000000 0.000000 0.000000 0.000000 1.000000
0.382347 -0.000020 -0.924019 0.000000 0.000000 1.000000 -0.000022 0.000000 0.924019 0.000008 0.382347 0.000000 0.000000 0.000000 0.000000 1.000000
0.382325 -0.000019 -0.924028 0.000000 0.000000 1.000000 -0.000020 0.000000 0.924028 0.000008 0.382325 0.000000 0.000000 0.000000 0.000000 1.000000
0.382908 0.000015 -0.923787 0.000000 0.000000 1.000000 0.000016 0.000000 0.923787 -0.000006 0.382908 0.000000 0.000000 0.000000 0.000000 1.000000
0.382730 0.000005 -0.923860 0.000000 0.000000 1.000000 0.000005 0.000000 0.923860 -0.000002 0.382730 0.000000 0.000000 0.000000 0.000000 1.000000
0.382718 0.000005 -0.923865 0.000000 0.000000 1.000000 0.000006 0.000000 0.923865 -0.000002 0.382718 0.000000 0.000000 0.000000 0.000000 1.000000
0.476859 -0.000001 -0.878980 0.000000 0.000000 1.000000 -0.000001 0.000000 0.878980 0.000001 0.476859 0.000000 0.000000 0.000000 0.000000 1.000000
0.610658 0.000056 -0.791894 0.000000 0.000000 1.000000 0.000070 0.000000 0.791894 -0.000043 0.610658 0.000000 0.000000 0.000000 0.000000 1.000000
0.610827 0.000059 -0.791764 0.000000 0.000000 1.000000 0.000074 0.000000 0.791764 -0.000045 0.610827 0.000000 0.000000 0.000000 0.000000 1.000000
0.609420 0.000020 -0.792847 0.000000 0.000000 1.000000 0.000025 0.000000 0.792847 -0.000016 0.609420 0.000000 0.000000 0.000000 0.000000 1.000000
0.608643 -0.000000 -0.793444 0.000000 0.000000 1.000000 -0.000000 0.000000 0.793444 0.000000 0.608643 0.000000 0.000000 0.000000 0.000000 1.000000
0.608472 -0.000009 -0.793575 0.000000 0.000000 1.000000 -0.000012 0.000000 0.793575 0.000007 0.608472 0.000000 0.000000 0.000000 0.000000 1.000000
0.608609 -0.000005 -0.793471 0.000000 0.000000 1.000000 -0.000006 0.000000 0.793471 0.000004 0.608609 0.000000 0.000000 0.000000 0.000000 1.000000
0.609102 0.000017 -0.793092 0.000000 0.000000 1.000000 0.000021 0.000000 0.793092 -0.000013 0.609102 0.000000 0.000000 0.000000 0.000000 1.000000
0.609013 0.000019 -0.793161 0.000000 0.000000 1.000000 0.000024 0.000000 0.793161 -0.000015 0.609013 0.000000 0.000000 0.000000 0.000000 1.000000
0.608808 0.000008 -0.793318 0.000000 0.000000 1.000000 0.000010 0.000000 0.793318 -0.000006 0.608808 0.000000 0.000000 0.000000 0.000000 1.000000
0.608674 -0.000002 -0.793420 0.000000 0.000000 1.000000 -0.000002 0.000000 0.793420 0.000001 0.608674 0.000000 0.000000 0.000000 0.000000 1.000000
0.608763 0.000003 -0.793352 0.000000 0.000000 1.000000 0.000004 0.000000 0.793352 -0.000002 0.608763 0.000000 0.000000 0.000000 0.000000 1.000000
0.608758 0.000002 -0.793356 0.000000 0.000000 1.000000 0.000002 0.000000 0.793356 -0.000001 0.608758 0.000000 0.000000 0.000000 0.000000 1.000000
0.686350 0.000000 -0.727271 0.000000 0.000000 1.000000 0.000001 0.000000 0.727271 -0.000000 0.686350 0.000000 0.000000 0.000000 0.000000 1.000000
0.793303 -0.000000 -0.608827 0.000000 0.000000 1.000000 -0.000000 0.000000 0.608827 0.000000 0.793303 0.000000 0.000000 0.000000 0.000000 1.000000
0.794721 -0.000000 -0.606975 0.000000 0.000000 1.000000 -0.000001 0.000000 0.606975 0.000000 0.794721 0.000000 0.000000 0.000000 0.000000 1.000000
0.793162 -0.000003 -0.609010 0.000000 0.000000 1.000000 -0.000005 0.000000 0.609010 0.000004 0.793162 0.000000 0.000000 0.000000 0.000000 1.000000
0.792979 -0.000005 -0.609248 0.000000 0.000000 1.000000 -0.000008 0.000000 0.609248 0.000007 0.792979 0.000000 0.000000 0.000000 0.000000 1.000000
0.792645 -0.000011 -0.609683 0.000000 0.000000 1.000000 -0.000017 0.000000 0.609683 0.000014 0.792645 0.000000 0.000000 0.000000 0.000000 1.000000
0.793426 0.000001 -0.608667 0.000000 0.000000 1.000000 0.000002 0.000000 0.608667 -0.000002 0.793426 0.000000 0.000000 0.000000 0.000000 1.000000
0.793555 0.000003 -0.608498 0.000000 0.000000 1.000000 0.000005 0.000000 0.608498 -0.000004 0.793555 0.000000 0.000000 0.000000 0.000000 1.000000
0.793375 0.000001 -0.608734 0.000000 0.000000 1.000000 0.000002 0.000000 0.608734 -0.000001 0.793375 0.000000 0.000000 0.000000 0.000000 1.000000
0.793420 0.000002 -0.608674 0.000000 0.000000 1.000000 0.000003 0.000000 0.608674 -0.000002 0.793420 0.000000 0.000000 0.000000 0.000000 1.000000
0.793352 0.000000 -0.608763 0.000000 0.000000 1.000000 0.000000 0.000000 0.608763 -0.000000 0.793352 0.000000 0.000000 0.000000 0.000000 1.000000
0.793359 0.000001 -0.608754 0.000000 0.000000 1.000000 0.000001 0.000000 0.608754 -0.000001 0.793359 0.000000 0.000000 0.000000 0.000000 1.000000
0.793369 0.000001 -0.608742 0.000000 0.000000 1.000000 0.000001 0.000000 0.608742 -0.000001 0.793369 0.000000 0.000000 0.000000 0.000000 1.000000
0.850038 0.000000 -0.526721 0.000000 0.000000 1.000000 0.000001 0.000000 0.526721 -0.000001 0.850038 0.000000 0.000000 0.000000 0.000000 1.000000
0.922458 -0.000001 -0.386098 0.000000 0.000000 1.000000 -0.000002 0.000000 0.386098 0.000002 0.922458 0.000000 0.000000 0.000000 0.000000 1.000000
0.923910 -0.000001 -0.382611 0.000000 0.000000 1.000000 -0.000003 0.000000 0.382611 0.000002 0.923910 0.000000 0.000000 0.000000 0.000000 1.000000
0.923827 0.000001 -0.382810 0.000000 0.000000 1.000000 0.000003 0.000000 0.382810 -0.000003 0.923827 0.000000 0.000000 0.000000 0.000000 1.000000
0.923767 0.000001 -0.382955 0.000000 0.000000 1.000000 0.000002 0.000000 0.382955 -0.000002 0.923767 0.000000 0.000000 0.000000 0.000000 1.000000
0.923898 0.000003 -0.382639 0.000000 0.000000 1.000000 0.000007 0.000000 0.382639 -0.000006 0.923898 0.000000 0.000000 0.000000 0.000000 1.000000
0.923932 -0.000000 -0.382558 0.000000 0.000000 1.000000 -0.000000 0.000000 0.382558 0.000000 0.923932 0.000000 0.000000 0.000000 0.000000 1.000000
0.923798 0.000000 -0.382881 0.000000 0.000000 1.000000 0.000000 0.000000 0.382881 -0.000000 0.923798 0.000000 0.000000 0.000000 0.000000 1.000000
0.924028 0.000006 -0.382325 0.000000 0.000000 1.000000 0.000015 0.000000 0.382325 -0.000014 0.924028 0.000000 0.000000 0.000000 0.000000 1.000000
0.923822 -0.000002 -0.382822 0.000000 0.000000 1.000000 -0.000005 0.000000 0.382822 0.000004 0.923822 0.000000 0.000000 0.000000 0.000000 1.000000
0.923858 -0.000001 -0.382736 0.000000 0.000000 1.000000 -0.000002 0.000000 0.382736 0.000002 0.923858 0.000000 0.000000 0.000000 0.000000 1.000000
0.923887 0.000002 -0.382664 0.000000 0.000000 1.000000 0.000005 0.000000 0.382664 -0.000004 0.923887 0.000000 0.000000 0.000000 0.000000 1.000000
0.923868 0.000001 -0.382711 0.000000 0.000000 1.000000 0.000003 0.000000 0.382711 -0.000003 0.923868 0.000000 0.000000 0.000000 0.000000 1.000000
0.958910 0.000000 -0.283710 0.000000 0.000000 1.000000 0.000001 0.000000 0.283710 -0.000001 0.958910 0.000000 0.000000 0.000000 0.000000 1.000000
0.991618 0.000000 -0.129204 0.000000 0.000000 1.000000 0.000001 0.000000 0.129204 -0.000001 0.991618 0.000000 0.000000 0.000000 0.000000 1.000000
0.991569 0.000000 -0.129579 0.000000 0.000000 1.000000 0.000000 0.000000 0.129579 -0.000000 0.991569 0.000000 0.000000 0.000000 0.000000 1.000000
0.991403 0.000000 -0.130843 0.000000 0.000000 1.000000 0.000001 0.000000 0.130843 -0.000001 0.991403 0.000000 0.000000 0.000000 0.000000 1.000000
0.991370 -0.000001 -0.131091 0.000000 0.000000 1.000000 -0.000005 0.000000 0.131091 0.000005 0.991370 0.000000 0.000000 0.000000 0.000000 1.000000
0.991405 0.000000 -0.130831 0.000000 0.000000 1.000000 0.000001 0.000000 0.130831 -0.000001 0.991405 0.000000 0.000000 0.000000 0.000000 1.000000
0.991546 0.000002 -0.129753 0.000000 0.000000 1.000000 0.000012 0.000000 0.129753 -0.000012 0.991546 0.000000 0.000000 0.000000 0.000000 1.000000
0.991399 -0.000002 -0.130875 0.000000 0.000000 1.000000 -0.000013 0.000000 0.130875 0.000013 0.991399 0.000000 0.000000 0.000000 0.000000 1.000000
0.991368 -0.000003 -0.131106 0.000000 0.000000 1.000000 -0.000020 0.000000 0.131106 0.000020 0.991368 0.000000 0.000000 0.000000 0.000000 1.000000
0.991458 0.000000 -0.130426 0.000000 0.000000 1.000000 0.000004 0.000000 0.130426 -0.000004 0.991458 0.000000 0.000000 0.000000 0.000000 1.000000
0.991453 -0.000000 -0.130463 0.000000 0.000000 1.000000 -0.000001 0.000000 0.130463 0.000001 0.991453 0.000000 0.000000 0.000000 0.000000 1.000000
0.991442 -0.000001 -0.130547 0.000000 0.000000 1.000000 -0.000004 0.000000 0.130547 0.000004 0.991442 0.000000 0.000000 0.000000 0.000000 1.000000
0.991450 0.000000 -0.130490 0.000000 0.000000 1.000000 0.000003 0.000000 0.130490 -0.000003 0.991450 0.000000 0.000000 0.000000 0.000000 1.000000
0.999642 0.000000 -0.026774 0.000000 0.000000 1.000000 0.000000 0.000000 0.026774 -0.000000 0.999642 0.000000 0.000000 0.000000 0.000000 1.000000
0.991565 0.000000 0.129607 0.000000 0.000000 1.000000 -0.000001 0.000000 -0.129607 0.000001 0.991565 0.000000 0.000000 0.000000 0.000000 1.000000
0.991504 0.000000 0.130072 0.000000 0.000000 1.000000 -0.000000 0.000000 -0.130072 0.000000 0.991504 0.000000 0.000000 0.000000 0.000000 1.000000
0.991403 0.000000 0.130843 0.000000 0.000000 1.000000 -0.000002 0.000000 -0.130843 0.000002 0.991403 0.000000 0.000000 0.000000 0.000000 1.000000
0.991470 -0.000000 0.130338 0.000000 0.000000 1.000000 0.000003 0.000000 -0.130338 -0.000003 0.991470 0.000000 0.000000 0.000000 0.000000 1.000000
0.991379 -0.000001 0.131026 0.000000 0.000000 1.000000 0.000005 0.000000 -0.131026 -0.000005 0.991379 0.000000 0.000000 0.000000 0.000000 1.000000
0.991551 0.000002 0.129715 0.000000 0.000000 1.000000 -0.000014 0.000000 -0.129715 0.000014 0.991551 0.000000 0.000000 0.000000 0.000000 1.000000
0.991473 0.000001 0.130311 0.000000 0.000000 1.000000 -0.000004 0.000000 -0.130311 0.000004 0.991473 0.000000 0.000000 0.000000 0.000000 1.000000
0.991446 0.000000 0.130515 0.000000 0.000000 1.000000 -0.000000 0.000000 -0.130515 0.000000 0.991446 0.000000 0.000000 0.000000 0.000000 1.000000
0.991424 -0.000001 0.130686 0.000000 0.000000 1.000000 0.000009 0.000000 -0.130686 -0.000009 0.991424 0.000000 0.000000 0.000000 0.000000 1.000000
0.991438 -0.000000 0.130577 0.000000 0.000000 1.000000 0.000004 0.000000 -0.130577 -0.000004 0.991438 0.000000 0.000000 0.000000 0.000000 1.000000
0.991456 0.000001 0.130443 0.000000 0.000000 1.000000 -0.000005 0.000000 -0.130443 0.000005 0.991456 0.000000 0.000000 0.000000 0.000000 1.000000
0.991440 -0.000000 0.130565 0.000000 0.000000 1.000000 0.000003 0.000000 -0.130565 -0.000003 0.991440 0.000000 0.000000 0.000000 0.000000 1.000000
0.972804 0.000000 0.231631 0.000000 0.000000 1.000000 -0.000001 0.000000 -0.231631 0.000001 0.972804 0.000000 0.000000 0.000000 0.000000 1.000000
0.924997 -0.000000 0.379974 0.000000 0.000000 1.000000 0.000001 0.000000 -0.379974 -0.000001 0.924997 0.000000 0.000000 0.000000 0.000000 1.000000
0.923910 -0.000001 0.382611 0.000000 0.000000 1.000000 0.000002 0.000000 -0.382611 -0.000002 0.923910 0.000000 0.000000 0.000000 0.000000 1.000000
0.923804 -0.000002 0.382867 0.000000 0.000000 1.000000 0.000005 0.000000 -0.382867 -0.000004 0.923804 0.000000 0.000000 0.000000 0.000000 1.000000
0.923889 0.000001 0.382662 0.000000 0.000000 1.000000 -0.000002 0.000000 -0.382662 0.000002 0.923889 0.000000 0.000000 0.000000 0.000000 1.000000
0.923979 0.000001 0.382443 0.000000 0.000000 1.000000 -0.000003 0.000000 -0.382443 0.000003 0.923979 0.000000 0.000000 0.000000 0.000000 1.000000
0.923607 -0.000004 0.383340 0.000000 0.000000 1.000000 0.000011 0.000000 -0.383340 -0.000010 0.923607 0.000000 0.000000 0.000000 0.000000 1.000000
0.923841 0.000001 0.382777 0.000000 0.000000 1.000000 -0.000001 0.000000 -0.382777 0.000001 0.923841 0.000000 0.000000 0.000000 0.000000 1.000000
0.924047 0.000005 0.382278 0.000000 0.000000 1.000000 -0.000014 0.000000 -0.382278 0.000013 0.924047 0.000000 0.000000 0.000000 0.000000 1.000000
0.923853 -0.000002 0.382747 0.000000 0.000000 1.000000 0.000005 0.000000 -0.382747 -0.000005 0.923853 0.000000 0.000000 0.000000 0.000000 1.000000
0.923840 -0.000002 0.382780 0.000000 0.000000 1.000000 0.000006 0.000000 -0.382780 -0.000005 0.923840 0.000000 0.000000 0.000000 0.000000 1.000000
0.923879 -0.000001 0.382685 0.000000 0.000000 1.000000 0.000002 0.000000 -0.382685 -0.000002 0.923879 0.000000 0.000000 0.000000 0.000000 1.000000
0.923868 -0.000001 0.382711 0.000000 0.000000 1.000000 0.000003 0.000000 -0.382711 -0.000003 0.923868 0.000000 0.000000 0.000000 0.000000 1.000000
0.882525 -0.000001 0.470265 0.000000 0.000000 1.000000 0.000002 0.000000 -0.470265 -0.000001 0.882525 0.000000 0.000000 0.000000 0.000000 1.000000
0.798078 -0.000000 0.602554 0.000000 0.000000 1.000000 0.000000 0.000000 -0.602554 -0.000000 0.798078 0.000000 0.000000 0.000000 0.000000 1.000000
0.793187 -0.000002 0.608979 0.000000 0.000000 1.000000 0.000003 0.000000 -0.608979 -0.000002 0.793187 0.000000 0.000000 0.000000 0.000000 1.000000
0.793162 -0.000003 0.609010 0.000000 0.000000 1.000000 0.000005 0.000000 -0.609010 -0.000004 0.793162 0.000000 0.000000 0.000000 0.000000 1.000000
0.793171 -0.000003 0.608999 0.000000 0.000000 1.000000 0.000006 0.000000 -0.608999 -0.000005 0.793171 0.000000 0.000000 0.000000 0.000000 1.000000
0.793468 -0.000002 0.608612 0.000000 0.000000 1.000000 0.000003 0.000000 -0.608612 -0.000002 0.793468 0.000000 0.000000 0.000000 0.000000 1.000000
0.793808 0.000006 0.608168 0.000000 0.000000 1.000000 -0.000010 0.000000 -0.608168 0.000008 0.793808 0.000000 0.000000 0.000000 0.000000 1.000000
0.793636 0.000004 0.608394 0.000000 0.000000 1.000000 -0.000006 0.000000 -0.608394 0.000005 0.793636 0.000000 0.000000 0.000000 0.000000 1.000000
0.793149 -0.000009 0.609027 0.000000 0.000000 1.000000 0.000014 0.000000 -0.609027 -0.000011 0.793149 0.000000 0.000000 0.000000 0.000000 1.000000
0.793222 -0.000007 0.608932 0.000000 0.000000 1.000000 0.000011 0.000000 -0.608932 -0.000009 0.793222 0.000000 0.000000 0.000000 0.000000 1.000000
0.793358 -0.000001 0.608755 0.000000 0.000000 1.000000 0.000002 0.000000 -0.608755 -0.000001 0.793358 0.000000 0.000000 0.000000 0.000000 1.000000
0.793373 -0.000001 0.608735 0.000000 0.000000 1.000000 0.000002 0.000000 -0.608735 -0.000002 0.793373 0.000000 0.000000 0.000000 0.000000 1.000000
0.793369 -0.000002 0.608742 0.000000 0.000000 1.000000 0.000003 0.000000 -0.608742 -0.000002 0.793369 0.000000 0.000000 0.000000 0.000000 1.000000
0.729246 -0.000001 0.684252 0.000000 0.000000 1.000000 0.000001 0.000000 -0.684252 -0.000001 0.729246 0.000000 0.000000 0.000000 0.000000 1.000000
0.613478 -0.000002 0.789711 0.000000 0.000000 1.000000 0.000003 0.000000 -0.789711 -0.000002 0.613478 0.000000 0.000000 0.000000 0.000000 1.000000
0.606975 -0.000005 0.794721 0.000000 0.000000 1.000000 0.000007 0.000000 -0.794721 -0.000004 0.606975 0.000000 0.000000 0.000000 0.000000 1.000000
0.609010 -0.000002 0.793162 0.000000 0.000000 1.000000 0.000002 0.000000 -0.793162 -0.000001 0.609010 0.000000 0.000000 0.000000 0.000000 1.000000
0.608999 -0.000001 0.793171 0.000000 0.000000 1.000000 0.000002 0.000000 -0.793171 -0.000001 0.608999 0.000000 0.000000 0.000000 0.000000 1.000000
0.608612 -0.000004 0.793468 0.000000 0.000000 1.000000 0.000004 0.000000 -0.793468 -0.000003 0.608612 0.000000 0.000000 0.000000 0.000000 1.000000
0.608787 -0.000001 0.793334 0.000000 0.000000 1.000000 0.000001 0.000000 -0.793334 -0.000001 0.608787 0.000000 0.000000 0.000000 0.000000 1.000000
0.609013 0.000004 0.793161 0.000000 0.000000 1.000000 -0.000004 0.000000 -0.793161 0.000003 0.609013 0.000000 0.000000 0.000000 0.000000 1.000000
0.608808 -0.000003 0.793318 0.000000 0.000000 1.000000 0.000003 0.000000 -0.793318 -0.000002 0.608808 0.000000 0.000000 0.000000 0.000000 1.000000
0.608611 -0.000008 0.793469 0.000000 0.000000 1.000000 0.000010 0.000000 -0.793469 -0.000006 0.608611 0.000000 0.000000 0.000000 0.000000 1.000000
0.608771 -0.000000 0.793346 0.000000 0.000000 1.000000 0.000000 0.000000 -0.793346 -0.000000 0.608771 0.000000 0.000000 0.000000 0.000000 1.000000
0.608771 0.000000 0.793346 0.000000 0.000000 1.000000 -0.000000 0.000000 -0.793346 0.000000 0.608771 0.000000 0.000000 0.000000 0.000000 1.000000
0.608615 0.000003 0.793466 0.000000 0.000000 1.000000 -0.000003 0.000000 -0.793466 0.000002 0.608615 0.000000 0.000000 0.000000 0.000000 1.000000
0.526565 0.000003 0.850135 0.000000 0.000000 1.000000 -0.000003 0.000000 -0.850135 0.000002 0.526565 0.000000 0.000000 0.000000 0.000000 1.000000
0.387438 0.000000 0.921896 0.000000 0.000000 1.000000 -0.000000 0.000000 -0.921896 0.000000 0.387438 0.000000 0.000000 0.000000 0.000000 1.000000
0.382611 -0.000001 0.923910 0.000000 0.000000 1.000000 0.000001 0.000000 -0.923910 -0.000000 0.382611 0.000000 0.000000 0.000000 0.000000 1.000000
0.382105 -0.000003 0.924119 0.000000 0.000000 1.000000 0.000003 0.000000 -0.924119 -0.000001 0.382105 0.000000 0.000000 0.000000 0.000000 1.000000
0.382505 -0.000004 0.923953 0.000000 0.000000 1.000000 0.000004 0.000000 -0.923953 -0.000002 0.382505 0.000000 0.000000 0.000000 0.000000 1.000000
0.382447 -0.000006 0.923978 0.000000 0.000000 1.000000 0.000007 0.000000 -0.923978 -0.000003 0.382447 0.000000 0.000000 0.000000 0.000000 1.000000
0.383220 0.000010 0.923657 0.000000 0.000000 1.000000 -0.000011 0.000000 -0.923657 0.000004 0.383220 0.000000 0.000000 0.000000 0.000000 1.000000
0.382881 -0.000000 0.923798 0.000000 0.000000 1.000000 0.000000 0.000000 -0.923798 -0.000000 0.382881 0.000000 0.000000 0.000000 0.000000 1.000000
0.382248 -0.000014 0.924060 0.000000 0.000000 1.000000 0.000015 0.000000 -0.924060 -0.000006 0.382248 0.000000 0.000000 0.000000 0.000000 1.000000
0.382872 0.000009 0.923801 0.000000 0.000000 1.000000 -0.000010 0.000000 -0.923801 0.000004 0.382872 0.000000 0.000000 0.000000 0.000000 1.000000
0.382801 0.000005 0.923831 0.000000 0.000000 1.000000 -0.000006 0.000000 -0.923831 0.000002 0.382801 0.000000 0.000000 0.000000 0.000000 1.000000
0.382673 -0.000003 0.923884 0.000000 0.000000 1.000000 0.000003 0.000000 -0.923884 -0.000001 0.382673 0.000000 0.000000 0.000000 0.000000 1.000000
0.382698 -0.000002 0.923873 0.000000 0.000000 1.000000 0.000002 0.000000 -0.923873 -0.000001 0.382698 0.000000 0.000000 0.000000 0.000000 1.000000
0.283744 0.000000 0.958900 0.000000 0.000000 1.000000 -0.000000 0.000000 -0.958900 0.000000 0.283744 0.000000 0.000000 0.000000 0.000000 1.000000
0.129204 -0.000001 0.991618 0.000000 0.000000 1.000000 0.000001 0.000000 -0.991618 -0.000000 0.129204 0.000000 0.000000 0.000000 0.000000 1.000000
0.129579 -0.000000 0.991569 0.000000 0.000000 1.000000 0.000000 0.000000 -0.991569 -0.000000 0.129579 0.000000 0.000000 0.000000 0.000000 1.000000
0.130843 -0.000001 0.991403 0.000000 0.000000 1.000000 0.000001 0.000000 -0.991403 -0.000000 0.130843 0.000000 0.000000 0.000000 0.000000 1.000000
0.131091 0.000005 0.991370 0.000000 0.000000 1.000000 -0.000005 0.000000 -0.991370 0.000001 0.131091 0.000000 0.000000 0.000000 0.000000 1.000000
0.130880 -0.000001 0.991398 0.000000 0.000000 1.000000 0.000001 0.000000 -0.991398 -0.000000 0.130880 0.000000 0.000000 0.000000 0.000000 1.000000
0.129715 -0.000014 0.991551 0.000000 0.000000 1.000000 0.000014 0.000000 -0.991551 -0.000002 0.129715 0.000000 0.000000 0.000000 0.000000 1.000000
0.130966 0.000016 0.991387 0.000000 0.000000 1.000000 -0.000016 0.000000 -0.991387 0.000002 0.130966 0.000000 0.000000 0.000000 0.000000 1.000000
0.130692 0.000003 0.991423 0.000000 0.000000 1.000000 -0.000003 0.000000 -0.991423 0.000000 0.130692 0.000000 0.000000 0.000000 0.000000 1.000000
0.130215 -0.000009 0.991486 0.000000 0.000000 1.000000 0.000009 0.000000 -0.991486 -0.000001 0.130215 0.000000 0.000000 0.000000 0.000000 1.000000
0.130742 0.000018 0.991416 0.000000 0.000000 1.000000 -0.000018 0.000000 -0.991416 0.000002 0.130742 0.000000 0.000000 0.000000 0.000000 1.000000
0.130531 0.000003 0.991444 0.000000 0.000000 1.000000 -0.000003 0.000000 -0.991444 0.000000 0.130531 0.000000 0.000000 0.000000 0.000000 1.000000
0.130530 -0.000003 0.991444 0.000000 0.000000 1.000000 0.000003 0.000000 -0.991444 -0.000000 0.130530 0.000000 0.000000 0.000000 0.000000 1.000000
0.026822 -0.000001 0.999640 0.000000 0.000000 1.000000 0.000001 0.000000 -0.999640 -0.000000 0.026822 0.000000 0.000000 0.000000 0.000000 1.000000
-0.128709 0.000001 0.991682 0.000000 0.000000 1.000000 -0.000001 0.000000 -0.991682 -0.000000 -0.128709 0.000000 0.000000 0.000000 0.000000 1.000000
-0.129670 -0.000001 0.991557 0.000000 0.000000 1.000000 0.000001 0.000000 -0.991557 0.000000 -0.129670 0.000000 0.000000 0.000000 0.000000 1.000000
-0.130843 0.000001 0.991403 0.000000 0.000000 1.000000 -0.000001 0.000000 -0.991403 -0.000000 -0.130843 0.000000 0.000000 0.000000 0.000000 1.000000
-0.130866 -0.000002 0.991400 0.000000 0.000000 1.000000 0.000002 0.000000 -0.991400 0.000000 -0.130866 0.000000 0.000000 0.000000 0.000000 1.000000
-0.130775 0.000001 0.991412 0.000000 0.000000 1.000000 -0.000001 0.000000 -0.991412 -0.000000 -0.130775 0.000000 0.000000 0.000000 0.000000 1.000000
-0.129758 0.000012 0.991546 0.000000 0.000000 1.000000 -0.000012 0.000000 -0.991546 -0.000002 -0.129758 0.000000 0.000000 0.000000 0.000000 1.000000
-0.130867 -0.000014 0.991400 0.000000 0.000000 1.000000 0.000014 0.000000 -0.991400 0.000002 -0.130867 0.000000 0.000000 0.000000 0.000000 1.000000
-0.130751 -0.000005 0.991415 0.000000 0.000000 1.000000 0.000005 0.000000 -0.991415 0.000001 -0.130751 0.000000 0.000000 0.000000 0.000000 1.000000
-0.130239 0.000009 0.991483 0.000000 0.000000 1.000000 -0.000009 0.000000 -0.991483 -0.000001 -0.130239 0.000000 0.000000 0.000000 0.000000 1.000000
-0.130707 -0.000015 0.991421 0.000000 0.000000 1.000000 0.000016 0.000000 -0.991421 0.000002 -0.130707 0.000000 0.000000 0.000000 0.000000 1.000000
-0.130531 -0.000003 0.991444 0.000000 0.000000 1.000000 0.000003 0.000000 -0.991444 0.000000 -0.130531 0.000000 0.000000 0.000000 0.000000 1.000000
-0.130529 0.000003 0.991444 0.000000 0.000000 1.000000 -0.000003 0.000000 -0.991444 -0.000000 -0.130529 0.000000 0.000000 0.000000 0.000000 1.000000
-0.238038 0.000001 0.971256 0.000000 0.000000 1.000000 -0.000001 0.000000 -0.971256 -0.000000 -0.238038 0.000000 0.000000 0.000000 0.000000 1.000000
-0.384982 -0.000001 0.922924 0.000000 0.000000 1.000000 0.000001 0.000000 -0.922924 0.000000 -0.384982 0.000000 0.000000 0.000000 0.000000 1.000000
-0.382432 -0.000004 0.923983 0.000000 0.000000 1.000000 0.000004 0.000000 -0.923983 0.000002 -0.382432 0.000000 0.000000 0.000000 0.000000 1.000000
-0.383541 -0.000001 0.923524 0.000000 0.000000 1.000000 0.000001 0.000000 -0.923524 0.000000 -0.383541 0.000000 0.000000 0.000000 0.000000 1.000000
-0.383123 -0.000001 0.923697 0.000000 0.000000 1.000000 0.000001 0.000000 -0.923697 0.000000 -0.383123 0.000000 0.000000 0.000000 0.000000 1.000000
-0.382639 0.000006 0.923898 0.000000 0.000000 1.000000 -0.000007 0.000000 -0.923898 -0.000003 -0.382639 0.000000 0.000000 0.000000 0.000000 1.000000
-0.382209 0.000007 0.924076 0.000000 0.000000 1.000000 -0.000007 0.000000 -0.924076 -0.000003 -0.382209 0.000000 0.000000 0.000000 0.000000 1.000000
-0.382777 0.000001 0.923841 0.000000 0.000000 1.000000 -0.000001 0.000000 -0.923841 -0.000001 -0.382777 0.000000 0.000000 0.000000 0.000000 1.000000
-0.382409 0.000013 0.923993 0.000000 0.000000 1.000000 -0.000014 0.000000 -0.923993 -0.000006 -0.382409 0.000000 0.000000 0.000000 0.000000 1.000000
-0.382755 -0.000003 0.923850 0.000000 0.000000 1.000000 0.000003 0.000000 -0.923850 0.000001 -0.382755 0.000000 0.000000 0.000000 0.000000 1.000000
-0.382829 -0.000008 0.923819 0.000000 0.000000 1.000000 0.000008 0.000000 -0.923819 0.000003 -0.382829 0.000000 0.000000 0.000000 0.000000 1.000000
-0.382664 0.000004 0.923887 0.000000 0.000000 1.000000 -0.000005 0.000000 -0.923887 -0.000002 -0.382664 0.000000 0.000000 0.000000 0.000000 1.000000
-0.382711 0.000003 0.923868 0.000000 0.000000 1.000000 -0.000003 0.000000 -0.923868 -0.000001 -0.382711 0.000000 0.000000 0.000000 0.000000 1.000000
-0.470211 0.000001 0.882554 0.000000 0.000000 1.000000 -0.000001 0.000000 -0.882554 -0.000001 -0.470211 0.000000 0.000000 0.000000 0.000000 1.000000
-0.604106 -0.000001 0.796904 0.000000 0.000000 1.000000 0.000001 0.000000 -0.796904 0.000001 -0.604106 0.000000 0.000000 0.000000 0.000000 1.000000
-0.610962 -0.000001 0.791660 0.000000 0.000000 1.000000 0.000002 0.000000 -0.791660 0.000001 -0.610962 0.000000 0.000000 0.000000 0.000000 1.000000
-0.607604 0.000006 0.794240 0.000000 0.000000 1.000000 -0.000007 0.000000 -0.794240 -0.000004 -0.607604 0.000000 0.000000 0.000000 0.000000 1.000000
-0.608259 0.000003 0.793738 0.000000 0.000000 1.000000 -0.000004 0.000000 -0.793738 -0.000002 -0.608259 0.000000 0.000000 0.000000 0.000000 1.000000
-0.608612 0.000004 0.793468 0.000000 0.000000 1.000000 -0.000004 0.000000 -0.793468 -0.000003 -0.608612 0.000000 0.000000 0.000000 0.000000 1.000000
-0.609079 -0.000009 0.793110 0.000000 0.000000 1.000000 0.000011 0.000000 -0.793110 0.000007 -0.609079 0.000000 0.000000 0.000000 0.000000 1.000000
-0.608716 0.000002 0.793388 0.000000 0.000000 1.000000 -0.000002 0.000000 -0.793388 -0.000001 -0.608716 0.000000 0.000000 0.000000 0.000000 1.000000
-0.608541 0.000000 0.793522 0.000000 0.000000 1.000000 -0.000000 0.000000 -0.793522 -0.000000 -0.608541 0.000000 0.000000 0.000000 0.000000 1.000000
-0.609052 -0.000012 0.793131 0.000000 0.000000 1.000000 0.000016 0.000000 -0.793131 0.000010 -0.609052 0.000000 0.000000 0.000000 0.000000 1.000000
-0.608588 0.000009 0.793486 0.000000 0.000000 1.000000 -0.000011 0.000000 -0.793486 -0.000007 -0.608588 0.000000 0.000000 0.000000 0.000000 1.000000
