-0.326480 -0.106422 0.938376 0.000000 0.000000 0.987138 0.113411 0.000000 -0.938376 0.037026 -0.326480 0.000000 0.000000 0.000000 0.000000 1.000000
-0.912274 0.068645 -0.188882 0.000000 0.000000 0.867920 0.363428 0.000000 0.188882 0.331546 -0.912274 0.000000 0.000000 0.000000 0.000000 1.000000
-0.318302 -0.107323 0.941105 0.000000 0.000000 0.986995 0.114039 0.000000 -0.941105 0.036299 -0.318302 0.000000 0.000000 0.000000 0.000000 1.000000
-0.982955 0.005084 -0.027977 0.000000 0.000000 0.966983 0.181707 0.000000 0.027977 0.178610 -0.982955 0.000000 0.000000 0.000000 0.000000 1.000000
0.702342 0.043043 0.709248 0.000000 0.000000 0.996317 -0.060689 0.000000 -0.709248 0.042624 0.702342 0.000000 0.000000 0.000000 0.000000 1.000000
-0.896793 -0.056356 0.421794 0.000000 0.000000 0.982149 0.133609 0.000000 -0.421794 0.119820 -0.896793 0.000000 0.000000 0.000000 0.000000 1.000000
0.320823 0.188833 0.924871 0.000000 0.000000 0.958314 -0.204173 0.000000 -0.924871 0.065503 0.320823 0.000000 0.000000 0.000000 0.000000 1.000000
0.159618 0.247799 0.952264 0.000000 0.000000 0.932285 -0.260221 0.000000 -0.952264 0.041536 0.159618 0.000000 0.000000 0.000000 0.000000 1.000000
-0.854689 -0.038251 0.074451 0.000000 0.000000 0.736037 0.513773 0.000000 -0.074451 0.439117 -0.854689 0.000000 0.000000 0.000000 0.000000 1.000000
-0.880143 -0.057271 0.125062 0.000000 0.000000 0.790292 0.457939 0.000000 -0.125062 0.403052 -0.880143 0.000000 0.000000 0.000000 0.000000 1.000000
-0.960224 0.002373 -0.279102 0.000000 0.000000 0.999928 0.008501 0.000000 0.279102 0.008163 -0.960224 0.000000 0.000000 0.000000 0.000000 1.000000
0.899984 -0.073854 0.393436 0.000000 0.000000 0.964763 0.187716 0.000000 -0.393436 -0.168941 0.899984 0.000000 0.000000 0.000000 0.000000 1.000000
-0.969860 0.028869 -0.150907 0.000000 0.000000 0.963402 0.191305 0.000000 0.150907 0.185540 -0.969860 0.000000 0.000000 0.000000 0.000000 1.000000
-0.980819 0.018858 0.145891 0.000000 0.000000 0.983291 -0.129264 0.000000 -0.145891 -0.126785 -0.980819 0.000000 0.000000 0.000000 0.000000 1.000000
-0.970756 -0.008670 -0.237273 0.000000 0.000000 0.998665 -0.036539 0.000000 0.237273 -0.035471 -0.970756 0.000000 0.000000 0.000000 0.000000 1.000000
-0.992812 -0.006128 0.104255 0.000000 0.000000 0.996545 0.058776 0.000000 -0.104255 0.058354 -0.992812 0.000000 0.000000 0.000000 0.000000 1.000000
-0.043072 0.009792 0.999024 0.000000 0.000000 0.999904 -0.009802 0.000000 -0.999024 -0.000422 -0.043072 0.000000 0.000000 0.000000 0.000000 1.000000
-0.864386 -0.023558 0.047057 0.000000 0.000000 0.749378 0.500622 0.000000 -0.047057 0.432731 -0.864386 0.000000 0.000000 0.000000 0.000000 1.000000
-0.569109 0.228543 -0.766263 0.000000 0.000000 0.911043 0.298256 0.000000 0.766263 0.169740 -0.569109 0.000000 0.000000 0.000000 0.000000 1.000000
-0.889725 0.004764 -0.456377 0.000000 0.000000 0.999891 0.010439 0.000000 0.456377 0.009288 -0.889725 0.000000 0.000000 0.000000 0.000000 1.000000
0.931719 0.039381 0.344749 0.000000 0.000000 0.986951 -0.114231 0.000000 -0.344749 0.106431 0.931719 0.000000 0.000000 0.000000 0.000000 1.000000
-0.991600 -0.000962 0.129131 0.000000 0.000000 0.999944 0.007453 0.000000 -0.129131 0.007391 -0.991600 0.000000 0.000000 0.000000 0.000000 1.000000
-0.922764 0.023511 -0.380376 0.000000 0.000000 0.996180 0.061810 0.000000 0.380376 0.057036 -0.922764 0.000000 0.000000 0.000000 0.000000 1.000000
-0.864612 -0.003795 0.502383 0.000000 0.000000 0.999943 0.007553 0.000000 -0.502383 0.006531 -0.864612 0.000000 0.000000 0.000000 0.000000 1.000000
-0.726046 -0.095273 0.141583 0.000000 0.000000 0.547188 0.672913 0.000000 -0.141583 0.488566 -0.726046 0.000000 0.000000 0.000000 0.000000 1.000000
-0.768398 -0.091692 0.147223 0.000000 0.000000 0.612111 0.622808 0.000000 -0.147223 0.478564 -0.768398 0.000000 0.000000 0.000000 0.000000 1.000000
-0.941082 -0.049715 -0.292291 0.000000 0.000000 0.971071 -0.170087 0.000000 0.292291 -0.160066 -0.941082 0.000000 0.000000 0.000000 0.000000 1.000000
-0.930625 -0.058601 -0.185885 0.000000 0.000000 0.900616 -0.315253 0.000000 0.185885 -0.293382 -0.930625 0.000000 0.000000 0.000000 0.000000 1.000000
0.964002 0.033967 -0.212466 0.000000 0.000000 0.974442 0.159870 0.000000 0.212466 -0.154115 0.964002 0.000000 0.000000 0.000000 0.000000 1.000000
0.990485 -0.007625 -0.062079 0.000000 0.000000 0.984915 -0.122821 0.000000 0.062079 0.121652 0.990485 0.000000 0.000000 0.000000 0.000000 1.000000
-0.703298 -0.067438 -0.704420 0.000000 0.000000 0.990835 -0.095736 0.000000 0.704420 -0.067331 -0.703298 0.000000 0.000000 0.000000 0.000000 1.000000
-0.392167 0.033074 -0.919190 0.000000 0.000000 0.998705 0.035981 0.000000 0.919190 0.014111 -0.392167 0.000000 0.000000 0.000000 0.000000 1.000000
0.981186 -0.005003 0.191283 0.000000 0.000000 0.999316 0.026155 0.000000 -0.191283 -0.025663 0.981186 0.000000 0.000000 0.000000 0.000000 1.000000
-0.748611 -0.047455 0.072002 0.000000 0.000000 0.565603 0.659088 0.000000 -0.072002 0.493401 -0.748611 0.000000 0.000000 0.000000 0.000000 1.000000
-0.998026 0.001356 0.058349 0.000000 0.000000 0.999460 -0.023231 0.000000 -0.058349 -0.023185 -0.998026 0.000000 0.000000 0.000000 0.000000 1.000000
-0.887304 0.017346 0.459638 0.000000 0.000000 0.998576 -0.037738 0.000000 -0.459638 -0.033485 -0.887304 0.000000 0.000000 0.000000 0.000000 1.000000
-0.981209 -0.016586 -0.164515 0.000000 0.000000 0.989836 -0.100814 0.000000 0.164515 -0.098920 -0.981209 0.000000 0.000000 0.000000 0.000000 1.000000
-0.071233 0.065709 0.995272 0.000000 0.000000 0.995641 -0.066021 0.000000 -0.995272 -0.004703 -0.071233 0.000000 0.000000 0.000000 0.000000 1.000000
-0.987989 0.008763 -0.141590 0.000000 0.000000 0.996170 0.061890 0.000000 0.141590 0.061147 -0.987989 0.000000 0.000000 0.000000 0.000000 1.000000
0.389736 0.020296 0.920663 0.000000 0.000000 0.999514 -0.022045 0.000000 -0.920663 0.008592 0.389736 0.000000 0.000000 0.000000 0.000000 1.000000
-0.036283 0.281686 -0.954802 0.000000 0.000000 0.912963 0.295020 0.000000 0.954802 0.010704 -0.036283 0.000000 0.000000 0.000000 0.000000 1.000000
0.922314 -0.005790 -0.386149 0.000000 0.000000 0.999775 -0.014994 0.000000 0.386149 0.013830 0.922314 0.000000 0.000000 0.000000 0.000000 1.000000
-0.537502 -0.002496 -0.843257 0.000000 0.000000 0.999991 -0.002960 0.000000 0.843257 -0.001591 -0.537502 0.000000 0.000000 0.000000 0.000000 1.000000
-0.159651 -0.065342 -0.984942 0.000000 0.000000 0.995599 -0.066341 0.000000 0.984942 -0.010591 -0.159651 0.000000 0.000000 0.000000 0.000000 1.000000
-0.137698 0.062422 -0.988459 0.000000 0.000000 0.996012 0.063151 0.000000 0.988459 0.008696 -0.137698 0.000000 0.000000 0.000000 0.000000 1.000000
-0.653768 -0.097962 0.131459 0.000000 0.000000 0.444694 0.745189 0.000000 -0.131459 0.487180 -0.653768 0.000000 0.000000 0.000000 0.000000 1.000000
-0.685989 -0.093100 0.130048 0.000000 0.000000 0.487494 0.715895 0.000000 -0.130048 0.491097 -0.685989 0.000000 0.000000 0.000000 0.000000 1.000000
0.443048 0.128709 0.884612 0.000000 0.000000 0.978830 -0.145497 0.000000 -0.884612 0.064462 0.443048 0.000000 0.000000 0.000000 0.000000 1.000000
-0.976233 -0.021097 -0.183852 0.000000 0.000000 0.986833 -0.114748 0.000000 0.183852 -0.112020 -0.976233 0.000000 0.000000 0.000000 0.000000 1.000000
-0.549734 -0.110847 0.824449 0.000000 0.000000 0.981923 0.134450 0.000000 -0.824449 0.073912 -0.549734 0.000000 0.000000 0.000000 0.000000 1.000000
-0.915500 -0.073002 -0.214469 0.000000 0.000000 0.884137 -0.340387 0.000000 0.214469 -0.311624 -0.915500 0.000000 0.000000 0.000000 0.000000 1.000000
-0.977189 -0.003228 -0.211825 0.000000 0.000000 0.999768 -0.015239 0.000000 0.211825 -0.014891 -0.977189 0.000000 0.000000 0.000000 0.000000 1.000000
0.261363 0.145264 -0.953133 0.000000 0.000000 0.976772 0.152407 0.000000 0.953133 -0.039833 0.261363 0.000000 0.000000 0.000000 0.000000 1.000000
0.913849 0.015256 -0.404297 0.000000 0.000000 0.998576 0.037734 0.000000 0.404297 -0.034483 0.913849 0.000000 0.000000 0.000000 0.000000 1.000000
-0.657259 -0.107126 0.144840 0.000000 0.000000 0.452968 0.739616 0.000000 -0.144840 0.486119 -0.657259 0.000000 0.000000 0.000000 0.000000 1.000000
0.994705 -0.003449 0.096334 0.000000 0.000000 0.998719 0.035798 0.000000 -0.096334 -0.035608 0.994705 0.000000 0.000000 0.000000 0.000000 1.000000
0.725770 -0.071341 0.679888 0.000000 0.000000 0.988990 0.104931 0.000000 -0.679888 -0.076156 0.725770 0.000000 0.000000 0.000000 0.000000 1.000000
-0.693971 -0.083392 0.117392 0.000000 0.000000 0.495376 0.710369 0.000000 -0.117392 0.492975 -0.693971 0.000000 0.000000 0.000000 0.000000 1.000000
0.998437 0.001410 0.047253 0.000000 0.000000 0.999109 -0.029846 0.000000 -0.047253 0.029799 0.998437 0.000000 0.000000 0.000000 0.000000 1.000000
0.899425 0.040552 -0.426614 0.000000 0.000000 0.990965 0.095055 0.000000 0.426614 -0.085495 0.899425 0.000000 0.000000 0.000000 0.000000 1.000000
-0.508114 0.009165 -0.861224 0.000000 0.000000 0.999887 0.010641 0.000000 0.861224 0.005407 -0.508114 0.000000 0.000000 0.000000 0.000000 1.000000
0.562356 -0.060299 0.823648 0.000000 0.000000 0.994640 0.073210 0.000000 -0.823648 -0.041170 0.562356 0.000000 0.000000 0.000000 0.000000 1.000000
0.717739 -0.002693 0.696302 0.000000 0.000000 0.999985 0.003868 0.000000 -0.696302 -0.002776 0.717739 0.000000 0.000000 0.000000 0.000000 1.000000
-0.964195 0.032323 -0.146002 0.000000 0.000000 0.950988 0.221387 0.000000 0.146002 0.213460 -0.964195 0.000000 0.000000 0.000000 0.000000 1.000000
0.251597 0.300577 0.909682 0.000000 0.000000 0.890823 -0.330420 0.000000 -0.909682 0.083132 0.251597 0.000000 0.000000 0.000000 0.000000 1.000000
-0.664709 -0.051547 0.069294 0.000000 0.000000 0.446640 0.743882 0.000000 -0.069294 0.494465 -0.664709 0.000000 0.000000 0.000000 0.000000 1.000000
-0.736888 0.015150 -0.022424 0.000000 0.000000 0.543507 0.675643 0.000000 0.022424 0.497873 -0.736888 0.000000 0.000000 0.000000 0.000000 1.000000
-0.906598 -0.073071 -0.374059 0.000000 0.000000 0.961840 -0.195345 0.000000 0.374059 -0.177100 -0.906598 0.000000 0.000000 0.000000 0.000000 1.000000
-0.363458 0.244348 -0.890262 0.000000 0.000000 0.924667 0.274468 0.000000 0.890262 0.099758 -0.363458 0.000000 0.000000 0.000000 0.000000 1.000000
-0.911271 -0.051846 -0.389727 0.000000 0.000000 0.982302 -0.133033 0.000000 0.389727 -0.121229 -0.911271 0.000000 0.000000 0.000000 0.000000 1.000000
-0.902042 -0.086866 -0.356124 0.000000 0.000000 0.940503 -0.243920 0.000000 0.356124 -0.220026 -0.902042 0.000000 0.000000 0.000000 0.000000 1.000000
0.537164 0.057327 0.840717 0.000000 0.000000 0.995350 -0.068188 0.000000 -0.840717 0.036628 0.537164 0.000000 0.000000 0.000000 0.000000 1.000000
-0.645287 0.136806 0.741315 0.000000 0.000000 0.965943 -0.184545 0.000000 -0.741315 -0.119084 -0.645287 0.000000 0.000000 0.000000 0.000000 1.000000
-0.365916 0.432979 0.664120 0.000000 0.000000 0.574951 -0.651958 0.000000 -0.664120 -0.238562 -0.365916 0.000000 0.000000 0.000000 0.000000 1.000000
-0.987536 -0.000175 0.001113 0.000000 0.000000 0.975228 0.157392 0.000000 -0.001113 0.155430 -0.987536 0.000000 0.000000 0.000000 0.000000 1.000000
0.428710 0.393135 0.719457 0.000000 0.000000 0.701411 -0.546433 0.000000 -0.719457 0.234261 0.428710 0.000000 0.000000 0.000000 0.000000 1.000000
-0.042159 0.491336 0.641369 0.000000 0.000000 0.413131 -0.766073 0.000000 -0.641369 -0.032297 -0.042159 0.000000 0.000000 0.000000 0.000000 1.000000
0.200639 0.466677 0.606725 0.000000 0.000000 0.408371 -0.769174 0.000000 -0.606725 0.154326 0.200639 0.000000 0.000000 0.000000 0.000000 1.000000
-0.933247 -0.010047 0.028053 0.000000 0.000000 0.871737 0.358139 0.000000 -0.028053 0.334232 -0.933247 0.000000 0.000000 0.000000 0.000000 1.000000
-0.674521 -0.042788 0.058139 0.000000 0.000000 0.458359 0.735962 0.000000 -0.058139 0.496422 -0.674521 0.000000 0.000000 0.000000 0.000000 1.000000
-0.277013 0.001349 0.960865 0.000000 0.000000 0.999998 -0.001404 0.000000 -0.960865 -0.000389 -0.277013 0.000000 0.000000 0.000000 0.000000 1.000000
-0.918032 -0.055432 -0.366533 0.000000 0.000000 0.977128 -0.151234 0.000000 0.366533 -0.138837 -0.918032 0.000000 0.000000 0.000000 0.000000 1.000000
0.184369 0.110705 0.976294 0.000000 0.000000 0.987142 -0.113393 0.000000 -0.976294 0.020906 0.184369 0.000000 0.000000 0.000000 0.000000 1.000000
-0.501874 0.166804 0.841946 0.000000 0.000000 0.960750 -0.198117 0.000000 -0.841946 -0.099430 -0.501874 0.000000 0.000000 0.000000 0.000000 1.000000
-0.240573 0.464921 0.628683 0.000000 0.000000 0.453118 -0.739515 0.000000 -0.628683 -0.177907 -0.240573 0.000000 0.000000 0.000000 0.000000 1.000000
0.270311 0.097854 0.957332 0.000000 0.000000 0.989552 -0.102215 0.000000 -0.957332 0.027630 0.270311 0.000000 0.000000 0.000000 0.000000 1.000000
-0.052203 -0.239112 0.967577 0.000000 0.000000 0.938930 0.247124 0.000000 -0.967577 0.012901 -0.052203 0.000000 0.000000 0.000000 0.000000 1.000000
-0.908384 -0.080349 -0.349083 0.000000 0.000000 0.947021 -0.230171 0.000000 0.349083 -0.209084 -0.908384 0.000000 0.000000 0.000000 0.000000 1.000000
-0.404979 -0.030774 0.913705 0.000000 0.000000 0.998866 0.033680 0.000000 -0.913705 0.013640 -0.404979 0.000000 0.000000 0.000000 0.000000 1.000000
-0.037537 0.489077 0.631505 0.000000 0.000000 0.400208 -0.774462 0.000000 -0.631505 -0.029071 -0.037537 0.000000 0.000000 0.000000 0.000000 1.000000
0.329686 0.438707 0.606032 0.000000 0.000000 0.475967 -0.723901 0.000000 -0.606032 0.238660 0.329686 0.000000 0.000000 0.000000 0.000000 1.000000
0.373211 0.104236 0.920814 0.000000 0.000000 0.987186 -0.113200 0.000000 -0.920814 0.042247 0.373211 0.000000 0.000000 0.000000 0.000000 1.000000
0.311606 0.145697 0.937414 0.000000 0.000000 0.975843 -0.155425 0.000000 -0.937414 0.048431 0.311606 0.000000 0.000000 0.000000 0.000000 1.000000
0.311371 0.152156 0.936290 0.000000 0.000000 0.973591 -0.162509 0.000000 -0.936290 0.050601 0.311371 0.000000 0.000000 0.000000 0.000000 1.000000
-0.955486 -0.026424 0.094547 0.000000 0.000000 0.921893 0.279476 0.000000 -0.094547 0.267035 -0.955486 0.000000 0.000000 0.000000 0.000000 1.000000
-0.884147 -0.096082 0.239521 0.000000 0.000000 0.839086 0.401141 0.000000 -0.239521 0.354668 -0.884147 0.000000 0.000000 0.000000 0.000000 1.000000
-0.983829 -0.003603 -0.177963 0.000000 0.000000 0.999590 -0.020246 0.000000 0.177963 -0.019919 -0.983829 0.000000 0.000000 0.000000 0.000000 1.000000
-0.989573 -0.009691 0.081708 0.000000 0.000000 0.985931 0.118611 0.000000 -0.081708 0.117374 -0.989573 0.000000 0.000000 0.000000 0.000000 1.000000
-0.436950 0.326717 0.801928 0.000000 0.000000 0.834013 -0.407415 0.000000 -0.801928 -0.178020 -0.436950 0.000000 0.000000 0.000000 0.000000 1.000000
0.162304 0.480341 0.638446 0.000000 0.000000 0.433956 -0.752359 0.000000 -0.638446 0.122110 0.162304 0.000000 0.000000 0.000000 0.000000 1.000000
0.303212 0.451372 0.636364 0.000000 0.000000 0.496897 -0.709298 0.000000 -0.636364 0.215067 0.303212 0.000000 0.000000 0.000000 0.000000 1.000000
-0.919068 -0.063313 0.180802 0.000000 0.000000 0.877375 0.350179 0.000000 -0.180802 0.321838 -0.919068 0.000000 0.000000 0.000000 0.000000 1.000000
-0.641480 -0.145695 0.196473 0.000000 0.000000 0.450098 0.741554 0.000000 -0.196473 0.475692 -0.641480 0.000000 0.000000 0.000000 0.000000 1.000000
-0.501466 -0.066611 0.077301 0.000000 0.000000 0.257443 0.861717 0.000000 -0.077301 0.432122 -0.501466 0.000000 0.000000 0.000000 0.000000 1.000000
-0.096914 -0.318431 0.935244 0.000000 0.000000 0.884074 0.340479 0.000000 -0.935244 0.032997 -0.096914 0.000000 0.000000 0.000000 0.000000 1.000000
-0.989430 -0.003232 0.022563 0.000000 0.000000 0.979480 0.143247 0.000000 -0.022563 0.141732 -0.989430 0.000000 0.000000 0.000000 0.000000 1.000000
0.394354 0.182411 0.896131 0.000000 0.000000 0.958566 -0.203554 0.000000 -0.896131 0.080272 0.394354 0.000000 0.000000 0.000000 0.000000 1.000000
-0.868655 -0.113811 -0.277158 0.000000 0.000000 0.831378 -0.410636 0.000000 0.277158 -0.356701 -0.868655 0.000000 0.000000 0.000000 0.000000 1.000000
-0.859987 -0.102327 -0.222907 0.000000 0.000000 0.789266 -0.459058 0.000000 0.222907 -0.394784 -0.859987 0.000000 0.000000 0.000000 0.000000 1.000000
-0.622243 0.241232 -0.703797 0.000000 0.000000 0.882517 0.342758 0.000000 0.703797 0.213279 -0.622243 0.000000 0.000000 0.000000 0.000000 1.000000
-0.435818 -0.186607 0.874365 0.000000 0.000000 0.954452 0.213420 0.000000 -0.874365 0.093012 -0.435818 0.000000 0.000000 0.000000 0.000000 1.000000
-0.349747 -0.226410 0.902641 0.000000 0.000000 0.937084 0.250831 0.000000 -0.902641 0.087727 -0.349747 0.000000 0.000000 0.000000 0.000000 1.000000
-0.281211 0.450216 0.603220 0.000000 0.000000 0.442954 -0.746355 0.000000 -0.603220 -0.209883 -0.281211 0.000000 0.000000 0.000000 0.000000 1.000000
-0.651846 -0.206960 0.296514 0.000000 0.000000 0.512824 0.697980 0.000000 -0.296514 0.454976 -0.651846 0.000000 0.000000 0.000000 0.000000 1.000000
-0.835499 -0.149637 0.361866 0.000000 0.000000 0.829005 0.413515 0.000000 -0.361866 0.345492 -0.835499 0.000000 0.000000 0.000000 0.000000 1.000000
-0.847017 -0.059879 0.115400 0.000000 0.000000 0.730755 0.518888 0.000000 -0.115400 0.439507 -0.847017 0.000000 0.000000 0.000000 0.000000 1.000000
-0.940868 -0.017880 -0.334530 0.000000 0.000000 0.997143 -0.053449 0.000000 0.334530 -0.050288 -0.940868 0.000000 0.000000 0.000000 0.000000 1.000000
-0.954874 -0.030308 -0.275957 0.000000 0.000000 0.987938 -0.109829 0.000000 0.275957 -0.104873 -0.954874 0.000000 0.000000 0.000000 0.000000 1.000000
-0.882926 -0.107543 -0.293383 0.000000 0.000000 0.865633 -0.366561 0.000000 0.293383 -0.323646 -0.882926 0.000000 0.000000 0.000000 0.000000 1.000000
0.451461 0.387328 0.700026 0.000000 0.000000 0.693854 -0.553305 0.000000 -0.700026 0.249795 0.451461 0.000000 0.000000 0.000000 0.000000 1.000000
-0.412409 -0.393410 -0.739556 0.000000 0.000000 0.717025 -0.531954 0.000000 0.739556 -0.219383 -0.412409 0.000000 0.000000 0.000000 0.000000 1.000000
0.106406 0.486022 0.635644 0.000000 0.000000 0.415366 -0.764614 0.000000 -0.635644 0.081359 0.106406 0.000000 0.000000 0.000000 0.000000 1.000000
0.242383 0.465216 0.632043 0.000000 0.000000 0.458227 -0.736052 0.000000 -0.632043 0.178406 0.242383 0.000000 0.000000 0.000000 0.000000 1.000000
0.330297 0.444253 0.642488 0.000000 0.000000 0.521887 -0.691457 0.000000 -0.642488 0.228386 0.330297 0.000000 0.000000 0.000000 0.000000 1.000000
0.329952 0.441904 0.623347 0.000000 0.000000 0.497430 -0.708922 0.000000 -0.623347 0.233910 0.329952 0.000000 0.000000 0.000000 0.000000 1.000000
0.337810 -0.286747 0.883483 0.000000 0.000000 0.894658 0.324565 0.000000 -0.883483 -0.109641 0.337810 0.000000 0.000000 0.000000 0.000000 1.000000
-0.783452 -0.192552 0.455695 0.000000 0.000000 0.821455 0.422546 0.000000 -0.455695 0.331044 -0.783452 0.000000 0.000000 0.000000 0.000000 1.000000
-0.818868 -0.068499 0.560836 0.000000 0.000000 0.985082 0.122138 0.000000 -0.560836 0.100015 -0.818868 0.000000 0.000000 0.000000 0.000000 1.000000
-0.932203 -0.046683 -0.333829 0.000000 0.000000 0.980445 -0.139840 0.000000 0.333829 -0.130359 -0.932203 0.000000 0.000000 0.000000 0.000000 1.000000
0.544470 0.160905 0.815227 0.000000 0.000000 0.961043 -0.197375 0.000000 -0.815227 0.107465 0.544470 0.000000 0.000000 0.000000 0.000000 1.000000
-0.359072 0.341879 -0.839860 0.000000 0.000000 0.834297 0.407067 0.000000 0.839860 0.146166 -0.359072 0.000000 0.000000 0.000000 0.000000 1.000000
-0.867045 -0.105694 -0.434951 0.000000 0.000000 0.940950 -0.243002 0.000000 0.434951 -0.210694 -0.867045 0.000000 0.000000 0.000000 0.000000 1.000000
0.036711 -0.463595 0.827536 0.000000 0.000000 0.686164 0.560211 0.000000 -0.827536 -0.020566 0.036711 0.000000 0.000000 0.000000 0.000000 1.000000
-0.101646 0.483109 0.622697 0.000000 0.000000 0.398083 -0.775833 0.000000 -0.622697 -0.078860 -0.101646 0.000000 0.000000 0.000000 0.000000 1.000000
0.349532 0.435509 0.619963 0.000000 0.000000 0.506527 -0.702476 0.000000 -0.619963 0.245538 0.349532 0.000000 0.000000 0.000000 0.000000 1.000000
-0.796551 -0.182732 0.430764 0.000000 0.000000 0.820051 0.424203 0.000000 -0.430764 0.337900 -0.796551 0.000000 0.000000 0.000000 0.000000 1.000000
-0.640749 0.015530 0.767483 0.000000 0.000000 0.999591 -0.020235 0.000000 -0.767483 -0.012966 -0.640749 0.000000 0.000000 0.000000 0.000000 1.000000
-0.886958 -0.095031 -0.393786 0.000000 0.000000 0.941762 -0.241326 0.000000 0.393786 -0.214046 -0.886958 0.000000 0.000000 0.000000 0.000000 1.000000
-0.566813 0.174742 0.793899 0.000000 0.000000 0.951553 -0.220107 0.000000 -0.793899 -0.124759 -0.566813 0.000000 0.000000 0.000000 0.000000 1.000000
-0.552182 -0.284554 0.384711 0.000000 0.000000 0.452908 0.739657 0.000000 -0.384711 0.408425 -0.552182 0.000000 0.000000 0.000000 0.000000 1.000000
-0.764315 0.076287 0.633499 0.000000 0.000000 0.985499 -0.120421 0.000000 -0.633499 -0.092040 -0.764315 0.000000 0.000000 0.000000 0.000000 1.000000
-0.977040 -0.008246 -0.209385 0.000000 0.000000 0.998449 -0.039383 0.000000 0.209385 -0.038479 -0.977040 0.000000 0.000000 0.000000 0.000000 1.000000
-0.995083 -0.001947 -0.096986 0.000000 0.000000 0.999597 -0.020070 0.000000 0.096986 -0.019972 -0.995083 0.000000 0.000000 0.000000 0.000000 1.000000
-0.905832 0.000107 -0.423638 0.000000 0.000000 1.000000 0.000251 0.000000 0.423638 0.000228 -0.905832 0.000000 0.000000 0.000000 0.000000 1.000000
-0.991411 -0.001984 0.015271 0.000000 0.000000 0.983130 0.129886 0.000000 -0.015271 0.128771 -0.991411 0.000000 0.000000 0.000000 0.000000 1.000000
0.204516 0.471285 0.626882 0.000000 0.000000 0.434808 -0.751793 0.000000 -0.626882 0.153754 0.204516 0.000000 0.000000 0.000000 0.000000 1.000000
0.282693 0.454245 0.622284 0.000000 0.000000 0.467153 -0.729964 0.000000 -0.622284 0.206356 0.282693 0.000000 0.000000 0.000000 0.000000 1.000000
-0.989197 -0.000446 -0.146562 0.000000 0.000000 0.999991 -0.003042 0.000000 0.146562 -0.003009 -0.989197 0.000000 0.000000 0.000000 0.000000 1.000000
0.687589 0.021512 0.725494 0.000000 0.000000 0.999121 -0.029652 0.000000 -0.725494 0.020388 0.687589 0.000000 0.000000 0.000000 0.000000 1.000000
-0.747266 -0.016339 0.664069 0.000000 0.000000 0.999395 0.024604 0.000000 -0.664069 0.018386 -0.747266 0.000000 0.000000 0.000000 0.000000 1.000000
-0.890054 -0.062932 -0.431945 0.000000 0.000000 0.978773 -0.145695 0.000000 0.431945 -0.129677 -0.890054 0.000000 0.000000 0.000000 0.000000 1.000000
0.708116 0.159961 0.663688 0.000000 0.000000 0.941910 -0.241019 0.000000 -0.663688 0.170669 0.708116 0.000000 0.000000 0.000000 0.000000 1.000000
-0.563892 0.309019 0.696580 0.000000 0.000000 0.803198 -0.443623 0.000000 -0.696580 -0.250156 -0.563892 0.000000 0.000000 0.000000 0.000000 1.000000
-0.847560 -0.115097 -0.471124 0.000000 0.000000 0.940316 -0.244303 0.000000 0.471124 -0.207061 -0.847560 0.000000 0.000000 0.000000 0.000000 1.000000
-0.489200 -0.336317 -0.746971 0.000000 0.000000 0.797283 -0.450241 0.000000 0.746971 -0.220258 -0.489200 0.000000 0.000000 0.000000 0.000000 1.000000
-0.439467 -0.319583 -0.806013 0.000000 0.000000 0.842789 -0.396499 0.000000 0.806013 -0.174248 -0.439467 0.000000 0.000000 0.000000 0.000000 1.000000
-0.526383 -0.239894 -0.794883 0.000000 0.000000 0.908918 -0.301798 0.000000 0.794883 -0.158861 -0.526383 0.000000 0.000000 0.000000 0.000000 1.000000
-0.571279 -0.234703 0.760528 0.000000 0.000000 0.904763 0.308605 0.000000 -0.760528 0.176300 -0.571279 0.000000 0.000000 0.000000 0.000000 1.000000
-0.558722 -0.272890 0.743788 0.000000 0.000000 0.865390 0.366892 0.000000 -0.743788 0.204990 -0.558722 0.000000 0.000000 0.000000 0.000000 1.000000
0.114605 -0.487972 0.648251 0.000000 0.000000 0.433363 0.752753 0.000000 -0.648251 -0.086269 0.114605 0.000000 0.000000 0.000000 0.000000 1.000000
-0.052245 -0.453155 0.539053 0.000000 0.000000 0.293308 0.840650 0.000000 -0.539053 0.043920 -0.052245 0.000000 0.000000 0.000000 0.000000 1.000000
0.054948 0.488597 0.632195 0.000000 0.000000 0.402690 -0.772858 0.000000 -0.632195 0.042467 0.054948 0.000000 0.000000 0.000000 0.000000 1.000000
-0.738238 0.049470 -0.670494 0.000000 0.000000 0.994556 0.073782 0.000000 0.670494 0.054468 -0.738238 0.000000 0.000000 0.000000 0.000000 1.000000
-0.693578 0.095204 -0.707710 0.000000 0.000000 0.981903 0.134524 0.000000 0.707710 0.093303 -0.693578 0.000000 0.000000 0.000000 0.000000 1.000000
0.351468 0.437621 0.644240 0.000000 0.000000 0.538575 -0.679283 0.000000 -0.644240 0.238746 0.351468 0.000000 0.000000 0.000000 0.000000 1.000000
-0.720040 -0.011479 -0.693735 0.000000 0.000000 0.999726 -0.016547 0.000000 0.693735 -0.011915 -0.720040 0.000000 0.000000 0.000000 0.000000 1.000000
-0.805625 -0.011038 0.592132 0.000000 0.000000 0.999653 0.018641 0.000000 -0.592132 0.015018 -0.805625 0.000000 0.000000 0.000000 0.000000 1.000000
-0.840476 -0.090360 -0.512342 0.000000 0.000000 0.968895 -0.176366 0.000000 0.512342 -0.148232 -0.840476 0.000000 0.000000 0.000000 0.000000 1.000000
-0.378549 -0.365608 0.807182 0.000000 0.000000 0.794842 0.452944 0.000000 -0.807182 0.171462 -0.378549 0.000000 0.000000 0.000000 0.000000 1.000000
-0.707505 -0.029476 -0.705472 0.000000 0.000000 0.998254 -0.041782 0.000000 0.705472 -0.029561 -0.707505 0.000000 0.000000 0.000000 0.000000 1.000000
-0.858244 -0.026119 -0.510687 0.000000 0.000000 0.997384 -0.051145 0.000000 0.510687 -0.043895 -0.858244 0.000000 0.000000 0.000000 0.000000 1.000000
-0.886152 -0.059526 -0.443534 0.000000 0.000000 0.981988 -0.134208 0.000000 0.443534 -0.118929 -0.886152 0.000000 0.000000 0.000000 0.000000 1.000000
-0.792592 0.068219 0.599023 0.000000 0.000000 0.987030 -0.113884 0.000000 -0.599023 -0.090264 -0.792592 0.000000 0.000000 0.000000 0.000000 1.000000
-0.683706 0.194674 0.669285 0.000000 0.000000 0.915396 -0.290868 0.000000 -0.669285 -0.198868 -0.683706 0.000000 0.000000 0.000000 0.000000 1.000000
-0.872279 -0.115277 -0.388965 0.000000 0.000000 0.912165 -0.296370 0.000000 0.388965 -0.258517 -0.872279 0.000000 0.000000 0.000000 0.000000 1.000000
-0.605622 0.274856 0.688305 0.000000 0.000000 0.840542 -0.399323 0.000000 -0.688305 -0.241839 -0.605622 0.000000 0.000000 0.000000 0.000000 1.000000
-0.707099 0.249550 0.484687 0.000000 0.000000 0.734911 -0.514868 0.000000 -0.484687 -0.364063 -0.707099 0.000000 0.000000 0.000000 0.000000 1.000000
0.582539 -0.013416 0.812635 0.000000 0.000000 0.999727 0.016509 0.000000 -0.812635 -0.009617 0.582539 0.000000 0.000000 0.000000 0.000000 1.000000
-0.316163 0.441588 -0.732619 0.000000 0.000000 0.636690 0.602752 0.000000 0.732619 0.190568 -0.316163 0.000000 0.000000 0.000000 0.000000 1.000000
-0.636463 -0.043306 0.769250 0.000000 0.000000 0.996831 0.056296 0.000000 -0.769250 0.035830 -0.636463 0.000000 0.000000 0.000000 0.000000 1.000000
-0.976683 -0.011144 -0.053605 0.000000 0.000000 0.956784 -0.207885 0.000000 0.053605 -0.203038 -0.976683 0.000000 0.000000 0.000000 0.000000 1.000000
-0.749336 -0.016664 0.661711 0.000000 0.000000 0.999366 0.025184 0.000000 -0.661711 0.018871 -0.749336 0.000000 0.000000 0.000000 0.000000 1.000000
-0.446648 -0.299687 -0.815821 0.000000 0.000000 0.865058 -0.367344 0.000000 0.815821 -0.164074 -0.446648 0.000000 0.000000 0.000000 0.000000 1.000000
-0.817574 -0.022441 0.574496 0.000000 0.000000 0.998474 0.039062 0.000000 -0.574496 0.031936 -0.817574 0.000000 0.000000 0.000000 0.000000 1.000000
-0.832489 -0.064798 0.540937 0.000000 0.000000 0.985651 0.119788 0.000000 -0.540937 0.099722 -0.832489 0.000000 0.000000 0.000000 0.000000 1.000000
-0.649836 -0.170184 0.722673 0.000000 0.000000 0.944543 0.235493 0.000000 -0.722673 0.153032 -0.649836 0.000000 0.000000 0.000000 0.000000 1.000000
-0.609695 -0.217373 0.735472 0.000000 0.000000 0.912647 0.295556 0.000000 -0.735472 0.180199 -0.609695 0.000000 0.000000 0.000000 0.000000 1.000000
-0.382413 -0.186033 -0.900606 0.000000 0.000000 0.957331 -0.206565 0.000000 0.900606 -0.078993 -0.382413 0.000000 0.000000 0.000000 0.000000 1.000000
-0.468162 -0.373554 0.709859 0.000000 0.000000 0.723075 0.526237 0.000000 -0.709859 0.246364 -0.468162 0.000000 0.000000 0.000000 0.000000 1.000000
-0.127978 -0.491063 0.681686 0.000000 0.000000 0.481075 0.720365 0.000000 -0.681686 0.092191 -0.127978 0.000000 0.000000 0.000000 0.000000 1.000000
-0.320903 0.446663 0.638628 0.000000 0.000000 0.510824 -0.699411 0.000000 -0.638628 -0.224443 -0.320903 0.000000 0.000000 0.000000 0.000000 1.000000
-0.583102 -0.138713 -0.793361 0.000000 0.000000 0.969430 -0.174842 0.000000 0.793361 -0.101951 -0.583102 0.000000 0.000000 0.000000 0.000000 1.000000
0.231197 -0.444025 0.556305 0.000000 0.000000 0.362928 0.798168 0.000000 -0.556305 -0.184534 0.231197 0.000000 0.000000 0.000000 0.000000 1.000000
-0.565017 -0.123601 -0.810877 0.000000 0.000000 0.976765 -0.152429 0.000000 0.810877 -0.086125 -0.565017 0.000000 0.000000 0.000000 0.000000 1.000000
-0.164446 0.470964 0.603822 0.000000 0.000000 0.391643 -0.779973 0.000000 -0.603822 -0.128263 -0.164446 0.000000 0.000000 0.000000 0.000000 1.000000
-0.624912 -0.069670 -0.775509 0.000000 0.000000 0.991929 -0.089837 0.000000 0.775509 -0.056140 -0.624912 0.000000 0.000000 0.000000 0.000000 1.000000
-0.836423 -0.008031 -0.547888 0.000000 0.000000 0.999785 -0.014657 0.000000 0.547888 -0.012260 -0.836423 0.000000 0.000000 0.000000 0.000000 1.000000
-0.584825 -0.003672 -0.811147 0.000000 0.000000 0.999980 -0.004527 0.000000 0.811147 -0.002648 -0.584825 0.000000 0.000000 0.000000 0.000000 1.000000
-0.121245 -0.464961 0.574296 0.000000 0.000000 0.344516 0.809620 0.000000 -0.574296 0.098162 -0.121245 0.000000 0.000000 0.000000 0.000000 1.000000
0.193469 0.472798 0.625542 0.000000 0.000000 0.428733 -0.755822 0.000000 -0.625542 0.146228 0.193469 0.000000 0.000000 0.000000 0.000000 1.000000
0.269376 0.456387 0.617729 0.000000 0.000000 0.454153 -0.738815 0.000000 -0.617729 0.199019 0.269376 0.000000 0.000000 0.000000 0.000000 1.000000
-0.445578 0.104806 -0.887419 0.000000 0.000000 0.986052 0.118102 0.000000 0.887419 0.052624 -0.445578 0.000000 0.000000 0.000000 0.000000 1.000000
0.332982 0.441358 0.625531 0.000000 0.000000 0.502166 -0.705573 0.000000 -0.625531 0.234944 0.332982 0.000000 0.000000 0.000000 0.000000 1.000000
0.372513 0.428676 0.624324 0.000000 0.000000 0.528546 -0.686625 0.000000 -0.624324 0.255776 0.372513 0.000000 0.000000 0.000000 0.000000 1.000000
-0.618095 0.042332 0.784248 0.000000 0.000000 0.997086 -0.053978 0.000000 -0.784248 -0.033364 -0.618095 0.000000 0.000000 0.000000 0.000000 1.000000
-0.909982 -0.012723 -0.413505 0.000000 0.000000 0.999053 -0.030768 0.000000 0.413505 -0.027998 -0.909982 0.000000 0.000000 0.000000 0.000000 1.000000
-0.703412 0.180729 -0.655050 0.000000 0.000000 0.923879 0.275901 0.000000 0.655050 0.194072 -0.703412 0.000000 0.000000 0.000000 0.000000 1.000000
-0.652585 0.124601 -0.738702 0.000000 0.000000 0.971549 0.168676 0.000000 0.738702 0.110075 -0.652585 0.000000 0.000000 0.000000 0.000000 1.000000
-0.620816 -0.210026 0.729117 0.000000 0.000000 0.917024 0.288055 0.000000 -0.729117 0.178829 -0.620816 0.000000 0.000000 0.000000 0.000000 1.000000
-0.717480 -0.021488 -0.695895 0.000000 0.000000 0.999047 -0.030879 0.000000 0.695895 -0.022155 -0.717480 0.000000 0.000000 0.000000 0.000000 1.000000
-0.623718 -0.215526 0.722486 0.000000 0.000000 0.911010 0.298311 0.000000 -0.722486 0.186062 -0.623718 0.000000 0.000000 0.000000 0.000000 1.000000
-0.805612 -0.018389 -0.591627 0.000000 0.000000 0.999034 -0.031083 0.000000 0.591627 -0.025040 -0.805612 0.000000 0.000000 0.000000 0.000000 1.000000
0.762302 0.109748 0.622769 0.000000 0.000000 0.968944 -0.176226 0.000000 -0.622769 0.134337 0.762302 0.000000 0.000000 0.000000 0.000000 1.000000
-0.894738 -0.070020 -0.413191 0.000000 0.000000 0.971283 -0.169462 0.000000 0.413191 -0.151624 -0.894738 0.000000 0.000000 0.000000 0.000000 1.000000
0.706688 0.178994 0.652113 0.000000 0.000000 0.924659 -0.274484 0.000000 -0.652113 0.193974 0.706688 0.000000 0.000000 0.000000 0.000000 1.000000
-0.882165 -0.106820 -0.375060 0.000000 0.000000 0.918885 -0.284807 0.000000 0.375060 -0.251247 -0.882165 0.000000 0.000000 0.000000 0.000000 1.000000
0.691332 0.190784 0.662709 0.000000 0.000000 0.917123 -0.287884 0.000000 -0.662709 0.199024 0.691332 0.000000 0.000000 0.000000 0.000000 1.000000
-0.711342 0.228902 0.582915 0.000000 0.000000 0.845798 -0.392686 0.000000 -0.582915 -0.279334 -0.711342 0.000000 0.000000 0.000000 0.000000 1.000000
0.674742 0.216981 0.661046 0.000000 0.000000 0.892259 -0.328240 0.000000 -0.661046 0.221477 0.674742 0.000000 0.000000 0.000000 0.000000 1.000000
-0.605044 0.295688 0.656598 0.000000 0.000000 0.797199 -0.450334 0.000000 -0.656598 -0.272472 -0.605044 0.000000 0.000000 0.000000 0.000000 1.000000
0.631012 0.283962 0.632834 0.000000 0.000000 0.798654 -0.448716 0.000000 -0.632834 0.283145 0.631012 0.000000 0.000000 0.000000 0.000000 1.000000
-0.587860 0.310048 0.657107 0.000000 0.000000 0.777369 -0.471838 0.000000 -0.657107 -0.277374 -0.587860 0.000000 0.000000 0.000000 0.000000 1.000000
0.729767 -0.127564 0.655406 0.000000 0.000000 0.962118 0.194633 0.000000 -0.655406 -0.142037 0.729767 0.000000 0.000000 0.000000 0.000000 1.000000
-0.877666 -0.096362 -0.421121 0.000000 0.000000 0.947640 -0.228823 0.000000 0.421121 -0.200830 -0.877666 0.000000 0.000000 0.000000 0.000000 1.000000
-0.627067 -0.186681 0.736583 0.000000 0.000000 0.935767 0.253442 0.000000 -0.736583 0.158925 -0.627067 0.000000 0.000000 0.000000 0.000000 1.000000
-0.417213 -0.142231 -0.894800 0.000000 0.000000 0.974734 -0.158952 0.000000 0.894800 -0.066317 -0.417213 0.000000 0.000000 0.000000 0.000000 1.000000
-0.573955 -0.278254 0.722739 0.000000 0.000000 0.851776 0.384999 0.000000 -0.722739 0.220972 -0.573955 0.000000 0.000000 0.000000 0.000000 1.000000
-0.282341 -0.153857 -0.945409 0.000000 0.000000 0.973515 -0.162741 0.000000 0.945409 -0.045948 -0.282341 0.000000 0.000000 0.000000 0.000000 1.000000
-0.857607 -0.044639 -0.506704 0.000000 0.000000 0.992239 -0.088096 0.000000 0.506704 -0.075552 -0.857607 0.000000 0.000000 0.000000 0.000000 1.000000
-0.441573 -0.147125 -0.881567 0.000000 0.000000 0.972148 -0.166890 0.000000 0.881567 -0.073694 -0.441573 0.000000 0.000000 0.000000 0.000000 1.000000
-0.749293 -0.090737 -0.647229 0.000000 0.000000 0.980346 -0.140193 0.000000 0.647229 -0.105045 -0.749293 0.000000 0.000000 0.000000 0.000000 1.000000
-0.784220 -0.050097 0.615115 0.000000 0.000000 0.993367 0.081443 0.000000 -0.615115 0.063869 -0.784220 0.000000 0.000000 0.000000 0.000000 1.000000
0.225764 -0.445580 0.557988 0.000000 0.000000 0.362320 0.798549 0.000000 -0.557988 -0.180284 0.225764 0.000000 0.000000 0.000000 0.000000 1.000000
-0.437932 -0.140391 -0.884898 0.000000 0.000000 0.974830 -0.158652 0.000000 0.884898 -0.069479 -0.437932 0.000000 0.000000 0.000000 0.000000 1.000000
-0.750399 -0.132095 0.626449 0.000000 0.000000 0.955537 0.210863 0.000000 -0.626449 0.158231 -0.750399 0.000000 0.000000 0.000000 0.000000 1.000000
0.215804 -0.375359 0.427597 0.000000 0.000000 0.229411 0.877832 0.000000 -0.427597 -0.189440 0.215804 0.000000 0.000000 0.000000 0.000000 1.000000
-0.736058 -0.114106 0.654051 0.000000 0.000000 0.969564 0.174460 0.000000 -0.654051 0.128413 -0.736058 0.000000 0.000000 0.000000 0.000000 1.000000
-0.398280 0.079007 -0.913174 0.000000 0.000000 0.992514 0.086519 0.000000 0.913174 0.034459 -0.398280 0.000000 0.000000 0.000000 0.000000 1.000000
0.047375 -0.496447 0.740318 0.000000 0.000000 0.550315 0.670586 0.000000 -0.740318 -0.031769 0.047375 0.000000 0.000000 0.000000 0.000000 1.000000
-0.742221 0.022798 -0.669289 0.000000 0.000000 0.998840 0.034064 0.000000 0.669289 0.025283 -0.742221 0.000000 0.000000 0.000000 0.000000 1.000000
-0.564366 -0.128373 -0.810176 0.000000 0.000000 0.974893 -0.158451 0.000000 0.810176 -0.089424 -0.564366 0.000000 0.000000 0.000000 0.000000 1.000000
0.481230 0.384100 0.612422 0.000000 0.000000 0.606643 -0.627182 0.000000 -0.612422 0.301819 0.481230 0.000000 0.000000 0.000000 0.000000 1.000000
-0.670126 -0.099616 -0.729581 0.000000 0.000000 0.981357 -0.136538 0.000000 0.729581 -0.091498 -0.670126 0.000000 0.000000 0.000000 0.000000 1.000000
-0.842995 -0.097220 0.501823 0.000000 0.000000 0.962467 0.193734 0.000000 -0.501823 0.163317 -0.842995 0.000000 0.000000 0.000000 0.000000 1.000000
-0.795951 0.183050 -0.437465 0.000000 0.000000 0.824914 0.418433 0.000000 0.437465 0.333052 -0.795951 0.000000 0.000000 0.000000 0.000000 1.000000
-0.611596 0.013896 -0.790975 0.000000 0.000000 0.999691 0.017568 0.000000 0.790975 0.010744 -0.611596 0.000000 0.000000 0.000000 0.000000 1.000000
-0.782730 -0.115748 0.590710 0.000000 0.000000 0.961605 0.195947 0.000000 -0.590710 0.153374 -0.782730 0.000000 0.000000 0.000000 0.000000 1.000000
-0.491949 0.013619 -0.870483 0.000000 0.000000 0.999755 0.015646 0.000000 0.870483 0.007697 -0.491949 0.000000 0.000000 0.000000 0.000000 1.000000
-0.896995 -0.023115 0.438892 0.000000 0.000000 0.997226 0.052667 0.000000 -0.438892 0.047242 -0.896995 0.000000 0.000000 0.000000 0.000000 1.000000
-0.588457 0.008930 -0.808453 0.000000 0.000000 0.999878 0.011046 0.000000 0.808453 0.006500 -0.588457 0.000000 0.000000 0.000000 0.000000 1.000000
-0.140578 0.483272 -0.756145 0.000000 0.000000 0.591517 0.639127 0.000000 0.756145 0.089847 -0.140578 0.000000 0.000000 0.000000 0.000000 1.000000
-0.104013 0.489818 -0.750425 0.000000 0.000000 0.573956 0.652721 0.000000 0.750425 0.067891 -0.104013 0.000000 0.000000 0.000000 0.000000 1.000000
-0.611869 -0.215349 0.734633 0.000000 0.000000 0.914070 0.293139 0.000000 -0.734633 0.179362 -0.611869 0.000000 0.000000 0.000000 0.000000 1.000000
-0.682256 -0.098260 0.718198 0.000000 0.000000 0.981282 0.136814 0.000000 -0.718198 0.093342 -0.682256 0.000000 0.000000 0.000000 0.000000 1.000000
-0.812355 -0.023634 0.581746 0.000000 0.000000 0.998349 0.040627 0.000000 -0.581746 0.033003 -0.812355 0.000000 0.000000 0.000000 0.000000 1.000000
-0.899251 -0.039756 -0.427430 0.000000 0.000000 0.991349 -0.093011 0.000000 0.427430 -0.083640 -0.899251 0.000000 0.000000 0.000000 0.000000 1.000000
0.773219 0.124296 0.599259 0.000000 0.000000 0.956979 -0.207415 0.000000 -0.599259 0.160378 0.773219 0.000000 0.000000 0.000000 0.000000 1.000000
-0.864604 0.028939 0.499096 0.000000 0.000000 0.996638 -0.057983 0.000000 -0.499096 -0.050133 -0.864604 0.000000 0.000000 0.000000 0.000000 1.000000
-0.888742 -0.094984 -0.387280 0.000000 0.000000 0.939848 -0.245260 0.000000 0.387280 -0.217973 -0.888742 0.000000 0.000000 0.000000 0.000000 1.000000
0.753494 0.158940 0.602140 0.000000 0.000000 0.930325 -0.263959 0.000000 -0.602140 0.198892 0.753494 0.000000 0.000000 0.000000 0.000000 1.000000
-0.821875 0.133429 0.504572 0.000000 0.000000 0.930072 -0.264439 0.000000 -0.504572 -0.217336 -0.821875 0.000000 0.000000 0.000000 0.000000 1.000000
-0.630980 0.283908 0.633020 0.000000 0.000000 0.798850 -0.448498 0.000000 -0.633020 -0.282993 -0.630980 0.000000 0.000000 0.000000 0.000000 1.000000
-0.641339 0.292022 0.575523 0.000000 0.000000 0.742542 -0.507403 0.000000 -0.575523 -0.325417 -0.641339 0.000000 0.000000 0.000000 0.000000 1.000000
-0.639107 0.295771 0.543871 0.000000 0.000000 0.704253 -0.543826 0.000000 -0.543871 -0.347563 -0.639107 0.000000 0.000000 0.000000 0.000000 1.000000
-0.600000 0.251803 0.350040 0.000000 0.000000 0.482528 -0.719355 0.000000 -0.350040 -0.431613 -0.600000 0.000000 0.000000 0.000000 0.000000 1.000000
-0.360189 -0.376418 -0.808343 0.000000 0.000000 0.783155 -0.465667 0.000000 0.808343 -0.167728 -0.360189 0.000000 0.000000 0.000000 0.000000 1.000000
-0.256997 -0.466916 -0.688839 0.000000 0.000000 0.540547 -0.677830 0.000000 0.688839 -0.174200 -0.256997 0.000000 0.000000 0.000000 0.000000 1.000000
-0.243979 -0.424952 -0.819499 0.000000 0.000000 0.731105 -0.518551 0.000000 0.819499 -0.126515 -0.243979 0.000000 0.000000 0.000000 0.000000 1.000000
-0.243151 -0.359250 -0.879869 0.000000 0.000000 0.833292 -0.408299 0.000000 0.879869 -0.099278 -0.243151 0.000000 0.000000 0.000000 0.000000 1.000000
-0.776638 -0.084994 0.614579 0.000000 0.000000 0.980874 0.138297 0.000000 -0.614579 0.107406 -0.776638 0.000000 0.000000 0.000000 0.000000 1.000000
