0.985155 -0.004589 -0.027069 0.000000 0.000000 0.971263 -0.169519 0.000000 0.027069 0.167002 0.985155 0.000000 0.000000 0.000000 0.000000 1.000000
0.970196 0.026907 0.202752 0.000000 0.000000 0.982388 -0.132709 0.000000 -0.202752 0.128754 0.970196 0.000000 0.000000 0.000000 0.000000 1.000000
0.770739 -0.061413 -0.097536 0.000000 0.000000 0.603552 -0.629641 0.000000 0.097536 0.485289 0.770739 0.000000 0.000000 0.000000 0.000000 1.000000
0.766568 0.067078 0.105906 0.000000 0.000000 0.598843 -0.633370 0.000000 -0.105906 0.485521 0.766568 0.000000 0.000000 0.000000 0.000000 1.000000
0.810091 -0.160547 -0.332425 0.000000 0.000000 0.766753 -0.482956 0.000000 0.332425 0.391238 0.810091 0.000000 0.000000 0.000000 0.000000 1.000000
0.883940 -0.058100 -0.129291 0.000000 0.000000 0.798066 -0.449371 0.000000 0.129291 0.397217 0.883940 0.000000 0.000000 0.000000 0.000000 1.000000
0.887314 0.063797 0.145821 0.000000 0.000000 0.808589 -0.437505 0.000000 -0.145821 0.388204 0.887314 0.000000 0.000000 0.000000 0.000000 1.000000
0.836410 0.134753 0.289556 0.000000 0.000000 0.783425 -0.465376 0.000000 -0.289556 0.389246 0.836410 0.000000 0.000000 0.000000 0.000000 1.000000
0.822084 0.161962 0.410486 0.000000 0.000000 0.844321 -0.394562 0.000000 -0.410486 0.324363 0.822084 0.000000 0.000000 0.000000 0.000000 1.000000
0.869252 -0.087854 -0.455125 0.000000 0.000000 0.962738 -0.193034 0.000000 0.455125 0.167795 0.869252 0.000000 0.000000 0.000000 0.000000 1.000000
0.925619 -0.062551 -0.326323 0.000000 0.000000 0.963257 -0.191684 0.000000 0.326323 0.177427 0.925619 0.000000 0.000000 0.000000 0.000000 1.000000
0.925433 0.064369 0.321820 0.000000 0.000000 0.959994 -0.200016 0.000000 -0.321820 0.185102 0.925433 0.000000 0.000000 0.000000 0.000000 1.000000
0.901158 0.072960 0.391355 0.000000 0.000000 0.965244 -0.186430 0.000000 -0.391355 0.168003 0.901158 0.000000 0.000000 0.000000 0.000000 1.000000
0.930276 0.026218 -0.359540 0.000000 0.000000 0.994683 0.072920 0.000000 0.359540 -0.067836 0.930276 0.000000 0.000000 0.000000 0.000000 1.000000
0.977733 0.016344 -0.191768 0.000000 0.000000 0.992737 0.085226 0.000000 0.191768 -0.083328 0.977733 0.000000 0.000000 0.000000 0.000000 1.000000
0.990696 -0.006215 0.048938 0.000000 0.000000 0.983874 0.126988 0.000000 -0.048938 -0.125807 0.990696 0.000000 0.000000 0.000000 0.000000 1.000000
0.962877 -0.019209 0.259603 0.000000 0.000000 0.994525 0.073992 0.000000 -0.259603 -0.071245 0.962877 0.000000 0.000000 0.000000 0.000000 1.000000
0.927462 -0.003276 0.373815 0.000000 0.000000 0.999923 0.008763 0.000000 -0.373815 -0.008128 0.927462 0.000000 0.000000 0.000000 0.000000 1.000000
0.957717 0.035083 -0.139386 0.000000 0.000000 0.936650 0.251694 0.000000 0.139386 -0.241052 0.957717 0.000000 0.000000 0.000000 0.000000 1.000000
0.963408 -0.017821 0.068791 0.000000 0.000000 0.932887 0.259062 0.000000 -0.068791 -0.249582 0.963408 0.000000 0.000000 0.000000 0.000000 1.000000
0.953725 -0.045119 0.205976 0.000000 0.000000 0.952017 0.219050 0.000000 -0.205976 -0.208913 0.953725 0.000000 0.000000 0.000000 0.000000 1.000000
0.713791 -0.222037 -0.375630 0.000000 0.000000 0.650595 -0.591105 0.000000 0.375630 0.421925 0.713791 0.000000 0.000000 0.000000 0.000000 1.000000
0.695004 -0.158735 -0.233411 0.000000 0.000000 0.537512 -0.680065 0.000000 0.233411 0.472648 0.695004 0.000000 0.000000 0.000000 0.000000 1.000000
0.696417 0.157514 0.231937 0.000000 0.000000 0.538792 -0.679123 0.000000 -0.231937 0.472953 0.696417 0.000000 0.000000 0.000000 0.000000 1.000000
0.725211 0.211213 0.359792 0.000000 0.000000 0.655381 -0.587042 0.000000 -0.359792 0.425729 0.725211 0.000000 0.000000 0.000000 0.000000 1.000000
0.728687 -0.233344 -0.507785 0.000000 0.000000 0.788830 -0.459532 0.000000 0.507785 0.334855 0.728687 0.000000 0.000000 0.000000 0.000000 1.000000
0.794874 -0.183845 -0.417900 0.000000 0.000000 0.806466 -0.439925 0.000000 0.417900 0.349685 0.794874 0.000000 0.000000 0.000000 0.000000 1.000000
0.753282 0.213525 0.500716 0.000000 0.000000 0.818150 -0.426438 0.000000 -0.500716 0.321228 0.753282 0.000000 0.000000 0.000000 0.000000 1.000000
0.830315 0.108285 0.516326 0.000000 0.000000 0.956016 -0.209723 0.000000 -0.516326 0.174136 0.830315 0.000000 0.000000 0.000000 0.000000 1.000000
0.765226 0.145803 0.595361 0.000000 0.000000 0.940025 -0.244898 0.000000 -0.595361 0.187403 0.765226 0.000000 0.000000 0.000000 0.000000 1.000000
0.826332 -0.082348 -0.542327 0.000000 0.000000 0.976944 -0.151842 0.000000 0.542327 0.125472 0.826332 0.000000 0.000000 0.000000 0.000000 1.000000
0.877963 -0.035737 -0.472722 0.000000 0.000000 0.994285 -0.075597 0.000000 0.472722 0.066372 0.877963 0.000000 0.000000 0.000000 0.000000 1.000000
0.911846 0.006758 -0.410202 0.000000 0.000000 0.999729 0.016475 0.000000 0.410202 -0.015023 0.911846 0.000000 0.000000 0.000000 0.000000 1.000000
0.882476 0.011678 0.469699 0.000000 0.000000 0.999382 -0.024862 0.000000 -0.469699 0.021940 0.882476 0.000000 0.000000 0.000000 0.000000 1.000000
0.808172 0.045198 0.583836 0.000000 0.000000 0.994007 -0.077416 0.000000 -0.583836 0.062566 0.808172 0.000000 0.000000 0.000000 0.000000 1.000000
0.899796 0.007404 -0.435981 0.000000 0.000000 0.999712 0.016981 0.000000 0.435981 -0.015280 0.899796 0.000000 0.000000 0.000000 0.000000 1.000000
0.926907 0.036465 -0.361480 0.000000 0.000000 0.989824 0.100876 0.000000 0.361480 -0.093503 0.926907 0.000000 0.000000 0.000000 0.000000 1.000000
0.940370 0.052288 -0.287417 0.000000 0.000000 0.966903 0.181925 0.000000 0.287417 -0.171076 0.940370 0.000000 0.000000 0.000000 0.000000 1.000000
0.935506 -0.052045 0.311234 0.000000 0.000000 0.972037 0.167221 0.000000 -0.311234 -0.156436 0.935506 0.000000 0.000000 0.000000 0.000000 1.000000
0.913488 -0.036554 0.396270 0.000000 0.000000 0.991491 0.092246 0.000000 -0.396270 -0.084266 0.913488 0.000000 0.000000 0.000000 0.000000 1.000000
0.843723 -0.011884 0.536321 0.000000 0.000000 0.999509 0.022158 0.000000 -0.536321 -0.018695 0.843723 0.000000 0.000000 0.000000 0.000000 1.000000
0.910426 0.017658 -0.411439 0.000000 0.000000 0.998158 0.042917 0.000000 0.411439 -0.039073 0.910426 0.000000 0.000000 0.000000 0.000000 1.000000
0.945434 0.035178 -0.304669 0.000000 0.000000 0.986669 0.115462 0.000000 0.304669 -0.109161 0.945434 0.000000 0.000000 0.000000 0.000000 1.000000
0.950083 0.048034 -0.237747 0.000000 0.000000 0.959181 0.202037 0.000000 0.237747 -0.191952 0.950083 0.000000 0.000000 0.000000 0.000000 1.000000
0.953756 0.037247 -0.140044 0.000000 0.000000 0.929263 0.265965 0.000000 0.140044 -0.253666 0.953756 0.000000 0.000000 0.000000 0.000000 1.000000
0.956606 0.001006 -0.003451 0.000000 0.000000 0.915107 0.291364 0.000000 0.003451 -0.278721 0.956606 0.000000 0.000000 0.000000 0.000000 1.000000
0.950863 -0.042224 0.158898 0.000000 0.000000 0.929389 0.265727 0.000000 -0.158898 -0.252670 0.950863 0.000000 0.000000 0.000000 0.000000 1.000000
0.944589 -0.049449 0.274340 0.000000 0.000000 0.967511 0.180247 0.000000 -0.274340 -0.170259 0.944589 0.000000 0.000000 0.000000 0.000000 1.000000
0.909914 -0.043975 0.399960 0.000000 0.000000 0.987911 0.109949 0.000000 -0.399960 -0.100045 0.909914 0.000000 0.000000 0.000000 0.000000 1.000000
0.845690 -0.039836 0.528321 0.000000 0.000000 0.994315 0.075400 0.000000 -0.528321 -0.063765 0.845690 0.000000 0.000000 0.000000 0.000000 1.000000
0.945005 0.031693 -0.310747 0.000000 0.000000 0.989598 0.101989 0.000000 0.310747 -0.096380 0.945005 0.000000 0.000000 0.000000 0.000000 1.000000
0.968874 0.029736 -0.195025 0.000000 0.000000 0.976752 0.152474 0.000000 0.195025 -0.147728 0.968874 0.000000 0.000000 0.000000 0.000000 1.000000
0.966886 0.027975 -0.126076 0.000000 0.000000 0.950765 0.221891 0.000000 0.126076 -0.214543 0.966886 0.000000 0.000000 0.000000 0.000000 1.000000
0.964296 0.011053 -0.042279 0.000000 0.000000 0.931653 0.261432 0.000000 0.042279 -0.252098 0.964296 0.000000 0.000000 0.000000 0.000000 1.000000
0.964725 -0.016116 0.063051 0.000000 0.000000 0.934669 0.255599 0.000000 -0.063051 -0.246583 0.964725 0.000000 0.000000 0.000000 0.000000 1.000000
0.961260 -0.037048 0.172009 0.000000 0.000000 0.953609 0.215386 0.000000 -0.172009 -0.207042 0.961260 0.000000 0.000000 0.000000 0.000000 1.000000
0.940788 -0.050569 0.291101 0.000000 0.000000 0.969823 0.173716 0.000000 -0.291101 -0.163430 0.940788 0.000000 0.000000 0.000000 0.000000 1.000000
0.971314 0.027593 -0.185594 0.000000 0.000000 0.977897 0.148672 0.000000 0.185594 -0.144407 0.971314 0.000000 0.000000 0.000000 0.000000 1.000000
0.979208 0.017420 -0.098112 0.000000 0.000000 0.968475 0.177554 0.000000 0.098112 -0.173862 0.979208 0.000000 0.000000 0.000000 0.000000 1.000000
0.976800 0.008309 -0.039475 0.000000 0.000000 0.955696 0.210486 0.000000 0.039475 -0.205602 0.976800 0.000000 0.000000 0.000000 0.000000 1.000000
0.973805 -0.003847 0.016964 0.000000 0.000000 0.948585 0.226749 0.000000 -0.016964 -0.220810 0.973805 0.000000 0.000000 0.000000 0.000000 1.000000
0.971928 -0.021307 0.100059 0.000000 0.000000 0.954655 0.212943 0.000000 -0.100059 -0.206965 0.971928 0.000000 0.000000 0.000000 0.000000 1.000000
0.955122 -0.043791 0.215652 0.000000 0.000000 0.958764 0.203065 0.000000 -0.215652 -0.193952 0.955122 0.000000 0.000000 0.000000 0.000000 1.000000
0.915735 -0.071722 0.343134 0.000000 0.000000 0.956311 0.209020 0.000000 -0.343134 -0.191407 0.915735 0.000000 0.000000 0.000000 0.000000 1.000000
0.942454 0.055742 -0.227643 0.000000 0.000000 0.940042 0.244864 0.000000 0.227643 -0.230773 0.942454 0.000000 0.000000 0.000000 0.000000 1.000000
0.966473 0.023618 -0.099837 0.000000 0.000000 0.944038 0.236562 0.000000 0.099837 -0.228631 0.966473 0.000000 0.000000 0.000000 0.000000 1.000000
0.971045 0.008136 -0.034416 0.000000 0.000000 0.944113 0.236404 0.000000 0.034416 -0.229559 0.971045 0.000000 0.000000 0.000000 0.000000 1.000000
0.969546 -0.002485 0.010154 0.000000 0.000000 0.940123 0.244698 0.000000 -0.010154 -0.237246 0.969546 0.000000 0.000000 0.000000 0.000000 1.000000
0.963859 -0.019405 0.075996 0.000000 0.000000 0.934799 0.255345 0.000000 -0.075996 -0.246116 0.963859 0.000000 0.000000 0.000000 0.000000 1.000000
0.953994 -0.041005 0.162908 0.000000 0.000000 0.936644 0.251706 0.000000 -0.162908 -0.240126 0.953994 0.000000 0.000000 0.000000 0.000000 1.000000
0.630038 -0.125944 -0.166019 0.000000 0.000000 0.424510 -0.758610 0.000000 0.166019 0.477953 0.630038 0.000000 0.000000 0.000000 0.000000 1.000000
0.652541 -0.057715 -0.076557 0.000000 0.000000 0.431670 -0.753876 0.000000 0.076557 0.491935 0.652541 0.000000 0.000000 0.000000 0.000000 1.000000
0.609013 -0.084373 -0.107363 0.000000 0.000000 0.382424 -0.785860 0.000000 0.107363 0.478599 0.609013 0.000000 0.000000 0.000000 0.000000 1.000000
0.639979 0.058027 0.075889 0.000000 0.000000 0.415332 -0.764636 0.000000 -0.075889 0.489351 0.639979 0.000000 0.000000 0.000000 0.000000 1.000000
0.582684 -0.005046 -0.006209 0.000000 0.000000 0.339559 -0.812675 0.000000 0.006209 0.473533 0.582684 0.000000 0.000000 0.000000 0.000000 1.000000
0.609022 0.101036 0.129107 0.000000 0.000000 0.387576 -0.782575 0.000000 -0.129107 0.476605 0.609022 0.000000 0.000000 0.000000 0.000000 1.000000
0.666571 0.180387 0.257917 0.000000 0.000000 0.510838 -0.699401 0.000000 -0.257917 0.466201 0.666571 0.000000 0.000000 0.000000 0.000000 1.000000
0.669125 -0.258424 -0.422886 0.000000 0.000000 0.626561 -0.611097 0.000000 0.422886 0.408900 0.669125 0.000000 0.000000 0.000000 0.000000 1.000000
0.707328 0.239895 0.424315 0.000000 0.000000 0.680357 -0.565370 0.000000 -0.424315 0.399902 0.707328 0.000000 0.000000 0.000000 0.000000 1.000000
0.698860 0.251287 0.551017 0.000000 0.000000 0.792025 -0.456042 0.000000 -0.551017 0.318710 0.698860 0.000000 0.000000 0.000000 0.000000 1.000000
0.721014 -0.235060 -0.537453 0.000000 0.000000 0.808716 -0.437360 0.000000 0.537453 0.315343 0.721014 0.000000 0.000000 0.000000 0.000000 1.000000
0.720023 0.224722 0.572059 0.000000 0.000000 0.845685 -0.392830 0.000000 -0.572059 0.282847 0.720023 0.000000 0.000000 0.000000 0.000000 1.000000
0.800343 -0.147301 -0.531695 0.000000 0.000000 0.923248 -0.277041 0.000000 0.531695 0.221728 0.800343 0.000000 0.000000 0.000000 0.000000 1.000000
0.693683 0.163695 0.678699 0.000000 0.000000 0.941828 -0.241189 0.000000 -0.678699 0.167309 0.693683 0.000000 0.000000 0.000000 0.000000 1.000000
0.756556 -0.114909 -0.627790 0.000000 0.000000 0.966497 -0.183037 0.000000 0.627790 0.138478 0.756556 0.000000 0.000000 0.000000 0.000000 1.000000
0.739445 0.086655 0.660301 0.000000 0.000000 0.982777 -0.131236 0.000000 -0.660301 0.097042 0.739445 0.000000 0.000000 0.000000 0.000000 1.000000
0.843864 -0.030492 -0.533505 0.000000 0.000000 0.996733 -0.057154 0.000000 0.533505 0.048230 0.843864 0.000000 0.000000 0.000000 0.000000 1.000000
0.733971 0.025888 0.678107 0.000000 0.000000 0.998543 -0.038177 0.000000 -0.678107 0.028021 0.733971 0.000000 0.000000 0.000000 0.000000 1.000000
0.841896 0.003135 -0.539609 0.000000 0.000000 0.999966 0.005809 0.000000 0.539609 -0.004891 0.841896 0.000000 0.000000 0.000000 0.000000 1.000000
0.767218 -0.016495 0.640870 0.000000 0.000000 0.999338 0.025738 0.000000 -0.640870 -0.019747 0.767218 0.000000 0.000000 0.000000 0.000000 1.000000
0.866270 0.034497 -0.494684 0.000000 0.000000 0.995137 0.069735 0.000000 0.494684 -0.060410 0.866270 0.000000 0.000000 0.000000 0.000000 1.000000
0.888716 -0.062264 0.435607 0.000000 0.000000 0.979569 0.142937 0.000000 -0.435607 -0.127030 0.888716 0.000000 0.000000 0.000000 0.000000 1.000000
0.809486 -0.055986 0.579126 0.000000 0.000000 0.990654 0.096673 0.000000 -0.579126 -0.078256 0.809486 0.000000 0.000000 0.000000 0.000000 1.000000
0.846415 0.078371 -0.509857 0.000000 0.000000 0.976372 0.153713 0.000000 0.509857 -0.130105 0.846415 0.000000 0.000000 0.000000 0.000000 1.000000
0.923281 0.054063 -0.352103 0.000000 0.000000 0.976425 0.153542 0.000000 0.352103 -0.141762 0.923281 0.000000 0.000000 0.000000 0.000000 1.000000
0.854874 -0.093553 0.481000 0.000000 0.000000 0.962171 0.194496 0.000000 -0.481000 -0.166270 0.854874 0.000000 0.000000 0.000000 0.000000 1.000000
0.768929 -0.100166 0.618482 0.000000 0.000000 0.973771 0.161954 0.000000 -0.618482 -0.124531 0.768929 0.000000 0.000000 0.000000 0.000000 1.000000
0.820605 0.131378 -0.510195 0.000000 0.000000 0.933691 0.257504 0.000000 0.510195 -0.211309 0.820605 0.000000 0.000000 0.000000 0.000000 1.000000
0.887460 0.098476 -0.382083 0.000000 0.000000 0.933573 0.257735 0.000000 0.382083 -0.228730 0.887460 0.000000 0.000000 0.000000 0.000000 1.000000
0.920864 -0.076001 0.276960 0.000000 0.000000 0.924698 0.274412 0.000000 -0.276960 -0.252696 0.920864 0.000000 0.000000 0.000000 0.000000 1.000000
0.870506 -0.115250 0.397904 0.000000 0.000000 0.916107 0.289642 0.000000 -0.397904 -0.252135 0.870506 0.000000 0.000000 0.000000 0.000000 1.000000
0.840637 0.146645 -0.379819 0.000000 0.000000 0.850934 0.386091 0.000000 0.379819 -0.324563 0.840637 0.000000 0.000000 0.000000 0.000000 1.000000
0.889260 0.099710 -0.270131 0.000000 0.000000 0.863753 0.369116 0.000000 0.270131 -0.328240 0.889260 0.000000 0.000000 0.000000 0.000000 1.000000
0.915866 0.056935 -0.153466 0.000000 0.000000 0.862363 0.370994 0.000000 0.153466 -0.339781 0.915866 0.000000 0.000000 0.000000 0.000000 1.000000
0.935803 0.020436 -0.058794 0.000000 0.000000 0.879185 0.347585 0.000000 0.058794 -0.325271 0.935803 0.000000 0.000000 0.000000 0.000000 1.000000
0.939439 -0.001594 0.004653 0.000000 0.000000 0.882568 0.342683 0.000000 -0.004653 -0.321930 0.939439 0.000000 0.000000 0.000000 0.000000 1.000000
0.938884 -0.023331 0.069189 0.000000 0.000000 0.886290 0.337210 0.000000 -0.069189 -0.316601 0.938884 0.000000 0.000000 0.000000 0.000000 1.000000
0.919749 -0.063247 0.181821 0.000000 0.000000 0.878996 0.347856 0.000000 -0.181821 -0.319940 0.919749 0.000000 0.000000 0.000000 0.000000 1.000000
0.868469 -0.119783 0.308968 0.000000 0.000000 0.849699 0.387687 0.000000 -0.308968 -0.336694 0.868469 0.000000 0.000000 0.000000 0.000000 1.000000
0.871380 0.059100 -0.124541 0.000000 0.000000 0.774813 0.474538 0.000000 0.124541 -0.413503 0.871380 0.000000 0.000000 0.000000 0.000000 1.000000
0.878698 0.011523 -0.024169 0.000000 0.000000 0.772694 0.476767 0.000000 0.024169 -0.418934 0.878698 0.000000 0.000000 0.000000 0.000000 1.000000
0.876238 -0.023827 0.049711 0.000000 0.000000 0.770265 0.479307 0.000000 -0.049711 -0.419987 0.876238 0.000000 0.000000 0.000000 0.000000 1.000000
0.877597 -0.064153 0.139911 0.000000 0.000000 0.789751 0.458530 0.000000 -0.139911 -0.402404 0.877597 0.000000 0.000000 0.000000 0.000000 1.000000
0.729843 -0.192333 -0.317763 0.000000 0.000000 0.633645 -0.605273 0.000000 0.317763 0.441754 0.729843 0.000000 0.000000 0.000000 0.000000 1.000000
0.644794 -0.204325 -0.288701 0.000000 0.000000 0.499108 -0.707737 0.000000 0.288701 0.456345 0.644794 0.000000 0.000000 0.000000 0.000000 1.000000
0.668060 -0.162552 -0.229665 0.000000 0.000000 0.499050 -0.707778 0.000000 0.229665 0.472838 0.668060 0.000000 0.000000 0.000000 0.000000 1.000000
0.711176 0.200235 0.319843 0.000000 0.000000 0.608071 -0.626043 0.000000 -0.319843 0.445226 0.711176 0.000000 0.000000 0.000000 0.000000 1.000000
0.724447 -0.235710 -0.455819 0.000000 0.000000 0.732595 -0.517112 0.000000 0.455819 0.374621 0.724447 0.000000 0.000000 0.000000 0.000000 1.000000
0.695255 0.237449 0.600005 0.000000 0.000000 0.843385 -0.395746 0.000000 -0.600005 0.275144 0.695255 0.000000 0.000000 0.000000 0.000000 1.000000
0.726576 -0.220611 -0.565676 0.000000 0.000000 0.847903 -0.389996 0.000000 0.565676 0.283362 0.726576 0.000000 0.000000 0.000000 0.000000 1.000000
0.673539 0.218799 0.660854 0.000000 0.000000 0.890382 -0.331086 0.000000 -0.660854 0.222999 0.673539 0.000000 0.000000 0.000000 0.000000 1.000000
0.753110 -0.175893 -0.585227 0.000000 0.000000 0.909666 -0.300556 0.000000 0.585227 0.226351 0.753110 0.000000 0.000000 0.000000 0.000000 1.000000
0.647263 0.151864 0.733621 0.000000 0.000000 0.957149 -0.207006 0.000000 -0.733621 0.133987 0.647263 0.000000 0.000000 0.000000 0.000000 1.000000
0.699696 -0.110843 -0.696490 0.000000 0.000000 0.974673 -0.159145 0.000000 0.696490 0.111353 0.699696 0.000000 0.000000 0.000000 0.000000 1.000000
0.665306 0.091931 0.736049 0.000000 0.000000 0.984401 -0.124897 0.000000 -0.736049 0.083095 0.665306 0.000000 0.000000 0.000000 0.000000 1.000000
0.754703 -0.056694 -0.650247 0.000000 0.000000 0.992398 -0.087188 0.000000 0.650247 0.065801 0.754703 0.000000 0.000000 0.000000 0.000000 1.000000
0.642498 0.044108 0.764110 0.000000 0.000000 0.996668 -0.057724 0.000000 -0.764110 0.037088 0.642498 0.000000 0.000000 0.000000 0.000000 1.000000
0.760619 -0.004269 -0.649165 0.000000 0.000000 0.999957 -0.006575 0.000000 0.649165 0.005001 0.760619 0.000000 0.000000 0.000000 0.000000 1.000000
0.675299 0.009814 0.737424 0.000000 0.000000 0.999823 -0.013308 0.000000 -0.737424 0.008987 0.675299 0.000000 0.000000 0.000000 0.000000 1.000000
0.768286 0.034544 -0.637811 0.000000 0.000000 0.997067 0.054160 0.000000 0.637811 -0.041610 0.768286 0.000000 0.000000 0.000000 0.000000 1.000000
0.719620 -0.035489 0.692474 0.000000 0.000000 0.997373 0.051250 0.000000 -0.692474 -0.036880 0.719620 0.000000 0.000000 0.000000 0.000000 1.000000
0.764724 0.086354 -0.629591 0.000000 0.000000 0.981188 0.137158 0.000000 0.629591 -0.104888 0.764724 0.000000 0.000000 0.000000 0.000000 1.000000
0.676782 -0.088932 0.725919 0.000000 0.000000 0.984991 0.122509 0.000000 -0.725919 -0.082912 0.676782 0.000000 0.000000 0.000000 0.000000 1.000000
0.748275 0.148005 -0.618766 0.000000 0.000000 0.942786 0.239194 0.000000 0.618766 -0.178983 0.748275 0.000000 0.000000 0.000000 0.000000 1.000000
0.798374 -0.155264 0.524317 0.000000 0.000000 0.912310 0.296126 0.000000 -0.524317 -0.236419 0.798374 0.000000 0.000000 0.000000 0.000000 1.000000
0.788871 0.180326 -0.494885 0.000000 0.000000 0.867228 0.364379 0.000000 0.494885 -0.287448 0.788871 0.000000 0.000000 0.000000 0.000000 1.000000
0.813952 -0.168020 0.429324 0.000000 0.000000 0.846838 0.391359 0.000000 -0.429324 -0.318548 0.813952 0.000000 0.000000 0.000000 0.000000 1.000000
0.740740 -0.210246 0.554618 0.000000 0.000000 0.856296 0.379083 0.000000 -0.554618 -0.280802 0.740740 0.000000 0.000000 0.000000 0.000000 1.000000
0.757621 0.212946 -0.466967 0.000000 0.000000 0.792047 0.456019 0.000000 0.466967 -0.345489 0.757621 0.000000 0.000000 0.000000 0.000000 1.000000
0.797885 0.174097 -0.360159 0.000000 0.000000 0.766335 0.483389 0.000000 0.360159 -0.385689 0.797885 0.000000 0.000000 0.000000 0.000000 1.000000
0.845728 0.116024 -0.244664 0.000000 0.000000 0.775116 0.474219 0.000000 0.244664 -0.401060 0.845728 0.000000 0.000000 0.000000 0.000000 1.000000
0.844899 -0.108944 0.224346 0.000000 0.000000 0.764186 0.485607 0.000000 -0.224346 -0.410289 0.844899 0.000000 0.000000 0.000000 0.000000 1.000000
0.807355 -0.160074 0.325043 0.000000 0.000000 0.757475 0.492469 0.000000 -0.325043 -0.397597 0.807355 0.000000 0.000000 0.000000 0.000000 1.000000
0.767125 -0.203101 0.415682 0.000000 0.000000 0.761273 0.488597 0.000000 -0.415682 -0.374815 0.767125 0.000000 0.000000 0.000000 0.000000 1.000000
0.769195 0.153149 -0.262962 0.000000 0.000000 0.660809 0.582401 0.000000 0.262962 -0.447980 0.769195 0.000000 0.000000 0.000000 0.000000 1.000000
0.804625 0.096466 -0.169514 0.000000 0.000000 0.676157 0.569072 0.000000 0.169514 -0.457890 0.804625 0.000000 0.000000 0.000000 0.000000 1.000000
0.795397 0.043414 -0.072143 0.000000 0.000000 0.637861 0.601780 0.000000 0.072143 -0.478654 0.795397 0.000000 0.000000 0.000000 0.000000 1.000000
0.796438 -0.015489 0.025636 0.000000 0.000000 0.634971 0.604176 0.000000 -0.025636 -0.481189 0.796438 0.000000 0.000000 0.000000 0.000000 1.000000
0.798644 -0.069780 0.118257 0.000000 0.000000 0.651817 0.590071 0.000000 -0.118257 -0.471256 0.798644 0.000000 0.000000 0.000000 0.000000 1.000000
0.776773 -0.131504 0.223322 0.000000 0.000000 0.653248 0.588856 0.000000 -0.223322 -0.457407 0.776773 0.000000 0.000000 0.000000 0.000000 1.000000
0.916344 -0.065635 -0.184783 0.000000 0.000000 0.873831 -0.355202 0.000000 0.184783 0.325487 0.916344 0.000000 0.000000 0.000000 0.000000 1.000000
0.942135 -0.022879 -0.069778 0.000000 0.000000 0.892487 -0.327891 0.000000 0.069778 0.308918 0.942135 0.000000 0.000000 0.000000 0.000000 1.000000
0.944900 0.000381 0.001164 0.000000 0.000000 0.892838 -0.327356 0.000000 -0.001164 0.309319 0.944900 0.000000 0.000000 0.000000 0.000000 1.000000
0.944767 0.023166 0.072478 0.000000 0.000000 0.897838 -0.319629 0.000000 -0.072478 0.301975 0.944767 0.000000 0.000000 0.000000 0.000000 1.000000
0.939896 0.047305 0.155650 0.000000 0.000000 0.907632 -0.303922 0.000000 -0.155650 0.285655 0.939896 0.000000 0.000000 0.000000 0.000000 1.000000
0.918640 -0.077982 -0.273473 0.000000 0.000000 0.918687 -0.285155 0.000000 0.273473 0.261955 0.918640 0.000000 0.000000 0.000000 0.000000 1.000000
0.970860 -0.025272 -0.122803 0.000000 0.000000 0.957651 -0.205790 0.000000 0.122803 0.199793 0.970860 0.000000 0.000000 0.000000 0.000000 1.000000
0.977780 -0.011882 -0.059072 0.000000 0.000000 0.959544 -0.201138 0.000000 0.059072 0.196669 0.977780 0.000000 0.000000 0.000000 0.000000 1.000000
0.981578 -0.001759 -0.009219 0.000000 0.000000 0.963581 -0.190838 0.000000 0.009219 0.187322 0.981578 0.000000 0.000000 0.000000 0.000000 1.000000
0.978603 0.008088 0.040074 0.000000 0.000000 0.959271 -0.201815 0.000000 -0.040074 0.197497 0.978603 0.000000 0.000000 0.000000 0.000000 1.000000
0.966722 0.027802 0.124352 0.000000 0.000000 0.950014 -0.223576 0.000000 -0.124352 0.216135 0.966722 0.000000 0.000000 0.000000 0.000000 1.000000
0.946181 0.051908 0.213119 0.000000 0.000000 0.940678 -0.243562 0.000000 -0.213119 0.230454 0.946181 0.000000 0.000000 0.000000 0.000000 1.000000
0.903250 -0.065074 -0.396487 0.000000 0.000000 0.973062 -0.164128 0.000000 0.396487 0.148248 0.903250 0.000000 0.000000 0.000000 0.000000 1.000000
0.968856 -0.027267 -0.211369 0.000000 0.000000 0.983358 -0.129002 0.000000 0.211369 0.124985 0.968856 0.000000 0.000000 0.000000 0.000000 1.000000
0.994361 -0.005577 -0.070038 0.000000 0.000000 0.993659 -0.079630 0.000000 0.070038 0.079181 0.994361 0.000000 0.000000 0.000000 0.000000 1.000000
0.996073 -0.002457 -0.029420 0.000000 0.000000 0.993026 -0.083508 0.000000 0.029420 0.083181 0.996073 0.000000 0.000000 0.000000 0.000000 1.000000
0.996922 -0.000787 -0.010129 0.000000 0.000000 0.993956 -0.077740 0.000000 0.010129 0.077501 0.996922 0.000000 0.000000 0.000000 0.000000 1.000000
0.996309 0.001072 0.012629 0.000000 0.000000 0.992791 -0.084904 0.000000 -0.012629 0.084591 0.996309 0.000000 0.000000 0.000000 0.000000 1.000000
0.991119 0.008128 0.073232 0.000000 0.000000 0.987680 -0.110995 0.000000 -0.073232 0.110009 0.991119 0.000000 0.000000 0.000000 0.000000 1.000000
0.970995 0.028455 0.176915 0.000000 0.000000 0.974131 -0.160838 0.000000 -0.176915 0.156173 0.970995 0.000000 0.000000 0.000000 0.000000 1.000000
0.949125 0.047802 0.250484 0.000000 0.000000 0.963580 -0.190839 0.000000 -0.250484 0.181130 0.949125 0.000000 0.000000 0.000000 0.000000 1.000000
0.962576 -0.007480 -0.269586 0.000000 0.000000 0.999230 -0.027746 0.000000 0.269586 0.026708 0.962576 0.000000 0.000000 0.000000 0.000000 1.000000
0.995197 -0.002055 -0.095495 0.000000 0.000000 0.999537 -0.021523 0.000000 0.095495 0.021420 0.995197 0.000000 0.000000 0.000000 0.000000 1.000000
0.999496 -0.000501 -0.021246 0.000000 0.000000 0.999445 -0.023567 0.000000 0.021246 0.023555 0.999496 0.000000 0.000000 0.000000 0.000000 1.000000
0.999784 -0.000086 -0.004213 0.000000 0.000000 0.999586 -0.020342 0.000000 0.004213 0.020338 0.999784 0.000000 0.000000 0.000000 0.000000 1.000000
0.999805 0.000002 0.000101 0.000000 0.000000 0.999610 -0.019755 0.000000 -0.000101 0.019751 0.999805 0.000000 0.000000 0.000000 0.000000 1.000000
0.998758 0.001239 0.036061 0.000000 0.000000 0.998819 -0.034372 0.000000 -0.036061 0.034330 0.998758 0.000000 0.000000 0.000000 0.000000 1.000000
0.990236 0.008301 0.121510 0.000000 0.000000 0.995333 -0.068316 0.000000 -0.121510 0.067649 0.990236 0.000000 0.000000 0.000000 0.000000 1.000000
0.966872 0.025480 0.229958 0.000000 0.000000 0.987722 -0.110804 0.000000 -0.229958 0.107134 0.966872 0.000000 0.000000 0.000000 0.000000 1.000000
0.950501 0.035614 0.284362 0.000000 0.000000 0.984314 -0.125242 0.000000 -0.284362 0.119043 0.950501 0.000000 0.000000 0.000000 0.000000 1.000000
0.946060 0.017241 -0.319467 0.000000 0.000000 0.997088 0.053967 0.000000 0.319467 -0.051056 0.946060 0.000000 0.000000 0.000000 0.000000 1.000000
0.991582 0.002690 -0.127758 0.000000 0.000000 0.999557 0.021054 0.000000 0.127758 -0.020877 0.991582 0.000000 0.000000 0.000000 0.000000 1.000000
0.999646 0.000039 -0.026558 0.000000 0.000000 0.999998 0.001464 0.000000 0.026558 -0.001464 0.999646 0.000000 0.000000 0.000000 0.000000 1.000000
0.999999 -0.000001 -0.000972 0.000000 0.000000 1.000000 -0.000643 0.000000 0.000972 0.000643 0.999999 0.000000 0.000000 0.000000 0.000000 1.000000
1.000000 -0.000000 0.000748 0.000000 0.000000 1.000000 0.000569 0.000000 -0.000748 -0.000569 1.000000 0.000000 0.000000 0.000000 0.000000 1.000000
0.999814 -0.000059 0.019065 0.000000 0.000000 0.999991 0.003074 0.000000 -0.019065 -0.003073 0.999814 0.000000 0.000000 0.000000 0.000000 1.000000
0.996125 0.000634 0.087646 0.000000 0.000000 0.999948 -0.007231 0.000000 -0.087646 0.007203 0.996125 0.000000 0.000000 0.000000 0.000000 1.000000
0.980211 0.004505 0.196624 0.000000 0.000000 0.999475 -0.022914 0.000000 -0.196624 0.022461 0.980211 0.000000 0.000000 0.000000 0.000000 1.000000
0.959419 0.009192 0.280068 0.000000 0.000000 0.998923 -0.032820 0.000000 -0.280068 0.031488 0.959419 0.000000 0.000000 0.000000 0.000000 1.000000
0.981591 0.012225 -0.178257 0.000000 0.000000 0.995297 0.068579 0.000000 0.178257 -0.067317 0.981591 0.000000 0.000000 0.000000 0.000000 1.000000
0.998332 0.001242 -0.052713 0.000000 0.000000 0.999445 0.023564 0.000000 0.052713 -0.023524 0.998332 0.000000 0.000000 0.000000 0.000000 1.000000
0.999995 0.000005 -0.002061 0.000000 0.000000 0.999993 0.002595 0.000000 0.002061 -0.002595 0.999995 0.000000 0.000000 0.000000 0.000000 1.000000
0.999965 -0.000035 0.005747 0.000000 0.000000 0.999964 0.006023 0.000000 -0.005747 -0.006022 0.999965 0.000000 0.000000 0.000000 0.000000 1.000000
0.999613 -0.000369 0.022403 0.000000 0.000000 0.999729 0.016472 0.000000 -0.022403 -0.016465 0.999613 0.000000 0.000000 0.000000 0.000000 1.000000
0.996935 -0.002006 0.073281 0.000000 0.000000 0.999250 0.027381 0.000000 -0.073281 -0.027297 0.996935 0.000000 0.000000 0.000000 0.000000 1.000000
0.982736 -0.007398 0.180413 0.000000 0.000000 0.998318 0.041008 0.000000 -0.180413 -0.040301 0.982736 0.000000 0.000000 0.000000 0.000000 1.000000
0.959961 -0.015295 0.274538 0.000000 0.000000 0.996896 0.055711 0.000000 -0.274538 -0.053481 0.959961 0.000000 0.000000 0.000000 0.000000 1.000000
0.954409 0.038889 -0.257469 0.000000 0.000000 0.977186 0.151044 0.000000 0.257469 -0.144157 0.954409 0.000000 0.000000 0.000000 0.000000 1.000000
0.991265 0.008519 -0.102193 0.000000 0.000000 0.993051 0.083363 0.000000 0.102193 -0.082634 0.991265 0.000000 0.000000 0.000000 0.000000 1.000000
0.999174 0.000651 -0.017806 0.000000 0.000000 0.998665 0.036540 0.000000 0.017806 -0.036509 0.999174 0.000000 0.000000 0.000000 0.000000 1.000000
0.999436 -0.000505 0.017718 0.000000 0.000000 0.999187 0.028513 0.000000 -0.017718 -0.028497 0.999436 0.000000 0.000000 0.000000 0.000000 1.000000
0.998144 -0.001845 0.040841 0.000000 0.000000 0.997960 0.045169 0.000000 -0.040841 -0.045085 0.998144 0.000000 0.000000 0.000000 0.000000 1.000000
0.995997 -0.003923 0.068938 0.000000 0.000000 0.996762 0.056904 0.000000 -0.068938 -0.056676 0.995997 0.000000 0.000000 0.000000 0.000000 1.000000
0.981205 -0.016829 0.163047 0.000000 0.000000 0.989347 0.103215 0.000000 -0.163047 -0.101275 0.981205 0.000000 0.000000 0.000000 0.000000 1.000000
0.963682 0.035494 -0.179537 0.000000 0.000000 0.960916 0.197696 0.000000 0.179537 -0.190516 0.963682 0.000000 0.000000 0.000000 0.000000 1.000000
0.989992 0.007574 -0.059105 0.000000 0.000000 0.983577 0.128151 0.000000 0.059105 -0.126869 0.989992 0.000000 0.000000 0.000000 0.000000 1.000000
0.995292 -0.001576 0.016503 0.000000 0.000000 0.990879 0.095503 0.000000 -0.016503 -0.095053 0.995292 0.000000 0.000000 0.000000 0.000000 1.000000
0.991122 -0.008466 0.079365 0.000000 0.000000 0.988623 0.106665 0.000000 -0.079365 -0.105718 0.991122 0.000000 0.000000 0.000000 0.000000 1.000000
0.983167 -0.016524 0.119740 0.000000 0.000000 0.980955 0.138003 0.000000 -0.119740 -0.135680 0.983167 0.000000 0.000000 0.000000 0.000000 1.000000
0.951954 0.034025 -0.120934 0.000000 0.000000 0.920842 0.281350 0.000000 0.120934 -0.267832 0.951954 0.000000 0.000000 0.000000 0.000000 1.000000
0.970073 -0.000295 0.001213 0.000000 0.000000 0.941044 0.242809 0.000000 -0.001213 -0.235543 0.970073 0.000000 0.000000 0.000000 0.000000 1.000000
0.974889 -0.018893 0.093472 0.000000 0.000000 0.959146 0.202124 0.000000 -0.093472 -0.197049 0.974889 0.000000 0.000000 0.000000 0.000000 1.000000
0.962333 -0.029395 -0.120653 0.000000 0.000000 0.940641 -0.243637 0.000000 0.120653 0.234460 0.962333 0.000000 0.000000 0.000000 0.000000 1.000000
0.967273 -0.012424 -0.049942 0.000000 0.000000 0.938111 -0.248774 0.000000 0.049942 0.240633 0.967273 0.000000 0.000000 0.000000 0.000000 1.000000
0.964930 0.002431 0.009267 0.000000 0.000000 0.931175 -0.262344 0.000000 -0.009267 0.253144 0.964930 0.000000 0.000000 0.000000 0.000000 1.000000
0.954996 0.021147 0.073597 0.000000 0.000000 0.917434 -0.287342 0.000000 -0.073597 0.274411 0.954996 0.000000 0.000000 0.000000 0.000000 1.000000
0.938686 0.049069 0.160930 0.000000 0.000000 0.907030 -0.304910 0.000000 -0.160930 0.286215 0.938686 0.000000 0.000000 0.000000 0.000000 1.000000
0.961722 -0.037316 -0.182780 0.000000 0.000000 0.958318 -0.204161 0.000000 0.182780 0.196346 0.961722 0.000000 0.000000 0.000000 0.000000 1.000000
0.981001 -0.016570 -0.099494 0.000000 0.000000 0.972262 -0.166548 0.000000 0.099494 0.163384 0.981001 0.000000 0.000000 0.000000 0.000000 1.000000
0.983523 -0.008558 -0.049192 0.000000 0.000000 0.969737 -0.173963 0.000000 0.049192 0.171096 0.983523 0.000000 0.000000 0.000000 0.000000 1.000000
0.985162 -0.001696 -0.009899 0.000000 0.000000 0.970642 -0.171342 0.000000 0.009899 0.168799 0.985162 0.000000 0.000000 0.000000 0.000000 1.000000
0.982060 0.006037 0.032501 0.000000 0.000000 0.965499 -0.185745 0.000000 -0.032501 0.182413 0.982060 0.000000 0.000000 0.000000 0.000000 1.000000
0.969816 0.024929 0.116324 0.000000 0.000000 0.954074 -0.214304 0.000000 -0.116324 0.207835 0.969816 0.000000 0.000000 0.000000 0.000000 1.000000
0.926223 0.071022 0.262389 0.000000 0.000000 0.926736 -0.270673 0.000000 -0.262389 0.250703 0.926223 0.000000 0.000000 0.000000 0.000000 1.000000
0.865881 0.117339 0.410577 0.000000 0.000000 0.918324 -0.285790 0.000000 -0.410577 0.247460 0.865881 0.000000 0.000000 0.000000 0.000000 1.000000
0.963710 -0.033294 -0.219834 0.000000 0.000000 0.977063 -0.151449 0.000000 0.219834 0.145953 0.963710 0.000000 0.000000 0.000000 0.000000 1.000000
0.982507 -0.016988 -0.144263 0.000000 0.000000 0.986133 -0.117760 0.000000 0.144263 0.115700 0.982507 0.000000 0.000000 0.000000 0.000000 1.000000
0.994999 -0.004919 -0.064516 0.000000 0.000000 0.994186 -0.076250 0.000000 0.064516 0.075869 0.994999 0.000000 0.000000 0.000000 0.000000 1.000000
0.996143 -0.002516 -0.030596 0.000000 0.000000 0.993237 -0.082238 0.000000 0.030596 0.081921 0.996143 0.000000 0.000000 0.000000 0.000000 1.000000
0.996775 -0.000849 -0.010676 0.000000 0.000000 0.993675 -0.079528 0.000000 0.010676 0.079272 0.996775 0.000000 0.000000 0.000000 0.000000 1.000000
0.996383 0.000780 0.009232 0.000000 0.000000 0.992863 -0.084478 0.000000 -0.009232 0.084173 0.996383 0.000000 0.000000 0.000000 0.000000 1.000000
0.992184 0.006962 0.065579 0.000000 0.000000 0.988730 -0.106159 0.000000 -0.065579 0.105329 0.992184 0.000000 0.000000 0.000000 0.000000 1.000000
0.970825 0.028149 0.185994 0.000000 0.000000 0.977095 -0.151345 0.000000 -0.185994 0.146929 0.970825 0.000000 0.000000 0.000000 0.000000 1.000000
0.917724 0.062534 0.356357 0.000000 0.000000 0.969207 -0.175481 0.000000 -0.356357 0.161043 0.917724 0.000000 0.000000 0.000000 0.000000 1.000000
0.984393 -0.013483 -0.151997 0.000000 0.000000 0.992132 -0.088703 0.000000 0.151997 0.087318 0.984393 0.000000 0.000000 0.000000 0.000000 1.000000
0.997060 -0.002579 -0.065868 0.000000 0.000000 0.998467 -0.039151 0.000000 0.065868 0.039036 0.997060 0.000000 0.000000 0.000000 0.000000 1.000000
0.999469 -0.000526 -0.021417 0.000000 0.000000 0.999397 -0.024565 0.000000 0.021417 0.024552 0.999469 0.000000 0.000000 0.000000 0.000000 1.000000
0.999756 -0.000106 -0.004903 0.000000 0.000000 0.999537 -0.021525 0.000000 0.004903 0.021520 0.999756 0.000000 0.000000 0.000000 0.000000 1.000000
0.999807 0.000089 0.004654 0.000000 0.000000 0.999637 -0.019065 0.000000 -0.004654 0.019062 0.999807 0.000000 0.000000 0.000000 0.000000 1.000000
0.999170 0.000672 0.036273 0.000000 0.000000 0.999656 -0.018537 0.000000 -0.036273 0.018521 0.999170 0.000000 0.000000 0.000000 0.000000 1.000000
0.991526 0.004532 0.124727 0.000000 0.000000 0.998680 -0.036335 0.000000 -0.124727 0.036027 0.991526 0.000000 0.000000 0.000000 0.000000 1.000000
0.948885 0.017681 0.310442 0.000000 0.000000 0.996756 -0.056955 0.000000 -0.310442 0.054044 0.948885 0.000000 0.000000 0.000000 0.000000 1.000000
0.862538 0.024625 0.503624 0.000000 0.000000 0.997609 -0.048895 0.000000 -0.503624 0.042174 0.862538 0.000000 0.000000 0.000000 0.000000 1.000000
0.955612 -0.019209 -0.286919 0.000000 0.000000 0.995518 -0.066949 0.000000 0.286919 0.063977 0.955612 0.000000 0.000000 0.000000 0.000000 1.000000
0.983506 -0.011187 -0.168205 0.000000 0.000000 0.995577 -0.066506 0.000000 0.168205 0.065409 0.983506 0.000000 0.000000 0.000000 0.000000 1.000000
0.996501 -0.002814 -0.074576 0.000000 0.000000 0.998576 -0.037733 0.000000 0.074576 0.037601 0.996501 0.000000 0.000000 0.000000 0.000000 1.000000
0.999384 -0.000466 -0.031920 0.000000 0.000000 0.999787 -0.014607 0.000000 0.031920 0.014598 0.999384 0.000000 0.000000 0.000000 0.000000 1.000000
0.999906 -0.000070 -0.012539 0.000000 0.000000 0.999969 -0.005569 0.000000 0.012539 0.005568 0.999906 0.000000 0.000000 0.000000 0.000000 1.000000
0.999991 -0.000007 0.001848 0.000000 0.000000 0.999985 0.003841 0.000000 -0.001848 -0.003841 0.999991 0.000000 0.000000 0.000000 0.000000 1.000000
0.999939 -0.000061 0.007761 0.000000 0.000000 0.999939 0.007806 0.000000 -0.007761 -0.007806 0.999939 0.000000 0.000000 0.000000 0.000000 1.000000
0.999268 -0.000633 0.033133 0.000000 0.000000 0.999635 0.019118 0.000000 -0.033133 -0.019104 0.999268 0.000000 0.000000 0.000000 0.000000 1.000000
0.994866 -0.003833 0.092280 0.000000 0.000000 0.998274 0.041541 0.000000 -0.092280 -0.041328 0.994866 0.000000 0.000000 0.000000 0.000000 1.000000
0.967621 -0.017855 0.241319 0.000000 0.000000 0.994525 0.073990 0.000000 -0.241319 -0.071594 0.967621 0.000000 0.000000 0.000000 0.000000 1.000000
0.978046 0.001217 -0.208309 0.000000 0.000000 0.999966 0.005845 0.000000 0.208309 -0.005716 0.978046 0.000000 0.000000 0.000000 0.000000 1.000000
0.996493 0.000237 -0.083624 0.000000 0.000000 0.999992 0.002830 0.000000 0.083624 -0.002820 0.996493 0.000000 0.000000 0.000000 0.000000 1.000000
0.999660 0.000201 -0.024765 0.000000 0.000000 0.999934 0.008123 0.000000 0.024765 -0.008120 0.999660 0.000000 0.000000 0.000000 0.000000 1.000000
0.999815 0.000056 -0.002949 0.000000 0.000000 0.999639 0.018996 0.000000 0.002949 -0.018993 0.999815 0.000000 0.000000 0.000000 0.000000 1.000000
0.999633 -0.000289 0.011871 0.000000 0.000000 0.999407 0.024359 0.000000 -0.011871 -0.024350 0.999633 0.000000 0.000000 0.000000 0.000000 1.000000
0.998799 -0.001152 0.029347 0.000000 0.000000 0.998460 0.039244 0.000000 -0.029347 -0.039197 0.998799 0.000000 0.000000 0.000000 0.000000 1.000000
0.994248 -0.005636 0.082480 0.000000 0.000000 0.995332 0.068326 0.000000 -0.082480 -0.067933 0.994248 0.000000 0.000000 0.000000 0.000000 1.000000
0.969726 -0.026877 0.206694 0.000000 0.000000 0.983091 0.130035 0.000000 -0.206694 -0.126098 0.969726 0.000000 0.000000 0.000000 0.000000 1.000000
0.913383 -0.071080 0.354207 0.000000 0.000000 0.959731 0.200673 0.000000 -0.354207 -0.183291 0.913383 0.000000 0.000000 0.000000 0.000000 1.000000
0.957726 0.029702 -0.264941 0.000000 0.000000 0.987432 0.112107 0.000000 0.264941 -0.107368 0.957726 0.000000 0.000000 0.000000 0.000000 1.000000
0.989832 0.009855 -0.111356 0.000000 0.000000 0.992168 0.088501 0.000000 0.111356 -0.087601 0.989832 0.000000 0.000000 0.000000 0.000000 1.000000
0.996685 0.002036 -0.026459 0.000000 0.000000 0.994081 0.076933 0.000000 0.026459 -0.076678 0.996685 0.000000 0.000000 0.000000 0.000000 1.000000
0.997054 -0.000369 0.004815 0.000000 0.000000 0.994140 0.076553 0.000000 -0.004815 -0.076327 0.997054 0.000000 0.000000 0.000000 0.000000 1.000000
0.996778 -0.001420 0.018181 0.000000 0.000000 0.993896 0.078127 0.000000 -0.018181 -0.077875 0.996778 0.000000 0.000000 0.000000 0.000000 1.000000
0.993104 -0.005870 0.057433 0.000000 0.000000 0.989554 0.102207 0.000000 -0.057433 -0.101502 0.993104 0.000000 0.000000 0.000000 0.000000 1.000000
0.981193 -0.017199 0.107100 0.000000 0.000000 0.974210 0.160593 0.000000 -0.107100 -0.157572 0.981193 0.000000 0.000000 0.000000 0.000000 1.000000
0.963031 -0.036282 0.191899 0.000000 0.000000 0.964253 0.189069 0.000000 -0.191899 -0.182079 0.963031 0.000000 0.000000 0.000000 0.000000 1.000000
0.961283 0.035930 -0.160298 0.000000 0.000000 0.949760 0.224143 0.000000 0.160298 -0.215465 0.961283 0.000000 0.000000 0.000000 0.000000 1.000000
0.978394 0.009646 -0.047965 0.000000 0.000000 0.959556 0.201108 0.000000 0.047965 -0.196763 0.978394 0.000000 0.000000 0.000000 0.000000 1.000000
