0.959846 -0.021230 -0.078859 0.000000 0.000000 0.927523 -0.269215 0.000000 0.078859 0.258405 0.959846 0.000000 0.000000 0.000000 0.000000 1.000000
0.952872 0.034983 0.126968 0.000000 0.000000 0.924085 -0.275526 0.000000 -0.126968 0.262541 0.952872 0.000000 0.000000 0.000000 0.000000 1.000000
0.955912 -0.041348 -0.235241 0.000000 0.000000 0.969105 -0.175769 0.000000 0.235241 0.168019 0.955912 0.000000 0.000000 0.000000 0.000000 1.000000
0.981297 -0.013475 -0.076230 0.000000 0.000000 0.968754 -0.176765 0.000000 0.076230 0.173459 0.981297 0.000000 0.000000 0.000000 0.000000 1.000000
0.972241 0.021740 0.103632 0.000000 0.000000 0.955993 -0.209779 0.000000 -0.103632 0.203956 0.972241 0.000000 0.000000 0.000000 0.000000 1.000000
0.933160 0.062040 0.287463 0.000000 0.000000 0.953422 -0.215821 0.000000 -0.287463 0.201395 0.933160 0.000000 0.000000 0.000000 0.000000 1.000000
0.987410 -0.010336 -0.139854 0.000000 0.000000 0.994538 -0.073906 0.000000 0.139854 0.072975 0.987410 0.000000 0.000000 0.000000 0.000000 1.000000
0.993423 0.006113 0.064718 0.000000 0.000000 0.991078 -0.094456 0.000000 -0.064718 0.093835 0.993423 0.000000 0.000000 0.000000 0.000000 1.000000
0.954632 0.036716 0.263051 0.000000 0.000000 0.980518 -0.139577 0.000000 -0.263051 0.133245 0.954632 0.000000 0.000000 0.000000 0.000000 1.000000
0.893389 0.066517 0.420520 0.000000 0.000000 0.974980 -0.158178 0.000000 -0.420520 0.141314 0.893389 0.000000 0.000000 0.000000 0.000000 1.000000
0.986564 -0.003038 -0.162301 0.000000 0.000000 0.999650 -0.018718 0.000000 0.162301 0.018466 0.986564 0.000000 0.000000 0.000000 0.000000 1.000000
0.999474 0.000505 0.019477 0.000000 0.000000 0.999327 -0.025933 0.000000 -0.019477 0.025919 0.999474 0.000000 0.000000 0.000000 0.000000 1.000000
0.973887 0.012336 0.219999 0.000000 0.000000 0.996856 -0.056073 0.000000 -0.219999 0.054609 0.973887 0.000000 0.000000 0.000000 0.000000 1.000000
0.912774 0.035998 0.398343 0.000000 0.000000 0.991833 -0.090370 0.000000 -0.398343 0.082488 0.912774 0.000000 0.000000 0.000000 0.000000 1.000000
0.986264 0.000242 -0.165170 0.000000 0.000000 0.999998 0.001468 0.000000 0.165170 -0.001448 0.986264 0.000000 0.000000 0.000000 0.000000 1.000000
0.999992 -0.000002 0.000611 0.000000 0.000000 0.999984 0.003954 0.000000 -0.000611 -0.003954 0.999992 0.000000 0.000000 0.000000 0.000000 1.000000
0.982379 0.000089 0.186900 0.000000 0.000000 1.000000 -0.000478 0.000000 -0.186900 0.000470 0.982379 0.000000 0.000000 0.000000 0.000000 1.000000
0.932742 0.007582 0.359928 0.000000 0.000000 0.999556 -0.021064 0.000000 -0.359928 0.019647 0.932742 0.000000 0.000000 0.000000 0.000000 1.000000
0.983955 0.007795 -0.172609 0.000000 0.000000 0.997961 0.045159 0.000000 0.172609 -0.044434 0.983955 0.000000 0.000000 0.000000 0.000000 1.000000
0.999254 0.000445 -0.012151 0.000000 0.000000 0.998656 0.036657 0.000000 0.012151 -0.036630 0.999254 0.000000 0.000000 0.000000 0.000000 1.000000
0.984850 -0.007244 0.167960 0.000000 0.000000 0.998140 0.043127 0.000000 -0.167960 -0.042473 0.984850 0.000000 0.000000 0.000000 0.000000 1.000000
0.945566 -0.016701 0.321250 0.000000 0.000000 0.997297 0.051988 0.000000 -0.321250 -0.049158 0.945566 0.000000 0.000000 0.000000 0.000000 1.000000
0.976146 0.021479 -0.182406 0.000000 0.000000 0.986134 0.117754 0.000000 0.182406 -0.114946 0.976146 0.000000 0.000000 0.000000 0.000000 1.000000
0.992205 0.002007 -0.016242 0.000000 0.000000 0.984734 0.123556 0.000000 0.016242 -0.122592 0.992205 0.000000 0.000000 0.000000 0.000000 1.000000
0.984734 -0.015134 0.125801 0.000000 0.000000 0.985528 0.120301 0.000000 -0.125801 -0.118465 0.984734 0.000000 0.000000 0.000000 0.000000 1.000000
0.978940 0.005700 -0.028192 0.000000 0.000000 0.959118 0.202194 0.000000 0.028192 -0.197936 0.978940 0.000000 0.000000 0.000000 0.000000 1.000000
0.913444 -0.022081 -0.054756 0.000000 0.000000 0.837379 -0.403263 0.000000 0.054756 0.368358 0.913444 0.000000 0.000000 0.000000 0.000000 1.000000
0.892720 0.093913 0.374295 0.000000 0.000000 0.937045 -0.250908 0.000000 -0.374295 0.223990 0.892720 0.000000 0.000000 0.000000 0.000000 1.000000
0.898626 -0.063877 -0.410139 0.000000 0.000000 0.975743 -0.155746 0.000000 0.410139 0.139957 0.898626 0.000000 0.000000 0.000000 0.000000 1.000000
0.999835 0.000164 -0.013546 0.000000 0.000000 0.999853 0.012107 0.000000 0.013546 -0.012105 0.999835 0.000000 0.000000 0.000000 0.000000 1.000000
0.935058 0.002061 0.354447 0.000000 0.000000 0.999966 -0.005815 0.000000 -0.354447 0.005437 0.935058 0.000000 0.000000 0.000000 0.000000 1.000000
0.895951 -0.039112 -0.089921 0.000000 0.000000 0.810815 -0.434954 0.000000 0.089921 0.389698 0.895951 0.000000 0.000000 0.000000 0.000000 1.000000
0.902830 0.029042 0.068410 0.000000 0.000000 0.819781 -0.424522 0.000000 -0.068410 0.383271 0.902830 0.000000 0.000000 0.000000 0.000000 1.000000
0.888768 -0.094970 -0.245263 0.000000 0.000000 0.850063 -0.387216 0.000000 0.245263 0.344146 0.888768 0.000000 0.000000 0.000000 0.000000 1.000000
0.929159 -0.029707 -0.082434 0.000000 0.000000 0.870131 -0.360373 0.000000 0.082434 0.334844 0.929159 0.000000 0.000000 0.000000 0.000000 1.000000
0.934498 0.024627 0.070585 0.000000 0.000000 0.878269 -0.348900 0.000000 -0.070585 0.326047 0.934498 0.000000 0.000000 0.000000 0.000000 1.000000
0.909509 0.081733 0.241655 0.000000 0.000000 0.885604 -0.338224 0.000000 -0.241655 0.307618 0.909509 0.000000 0.000000 0.000000 0.000000 1.000000
0.857060 0.128703 0.406386 0.000000 0.000000 0.899701 -0.316700 0.000000 -0.406386 0.271431 0.857060 0.000000 0.000000 0.000000 0.000000 1.000000
0.856855 -0.130567 -0.397099 0.000000 0.000000 0.891888 -0.328804 0.000000 0.397099 0.281737 0.856855 0.000000 0.000000 0.000000 0.000000 1.000000
0.904787 -0.089270 -0.273403 0.000000 0.000000 0.893389 -0.326513 0.000000 0.273403 0.295425 0.904787 0.000000 0.000000 0.000000 0.000000 1.000000
0.940827 -0.041247 -0.132183 0.000000 0.000000 0.902627 -0.312047 0.000000 0.132183 0.293582 0.940827 0.000000 0.000000 0.000000 0.000000 1.000000
0.950582 0.018517 0.060821 0.000000 0.000000 0.907305 -0.304458 0.000000 -0.060821 0.289412 0.950582 0.000000 0.000000 0.000000 0.000000 1.000000
0.932717 0.063842 0.229565 0.000000 0.000000 0.922661 -0.278098 0.000000 -0.229565 0.259387 0.932717 0.000000 0.000000 0.000000 0.000000 1.000000
0.893856 0.092329 0.374477 0.000000 0.000000 0.939211 -0.246553 0.000000 -0.374477 0.220383 0.893856 0.000000 0.000000 0.000000 0.000000 1.000000
0.832458 -0.116721 -0.503199 0.000000 0.000000 0.946196 -0.231958 0.000000 0.503199 0.193095 0.832458 0.000000 0.000000 0.000000 0.000000 1.000000
0.888585 -0.093878 -0.390772 0.000000 0.000000 0.942286 -0.240238 0.000000 0.390772 0.213472 0.888585 0.000000 0.000000 0.000000 0.000000 1.000000
0.933687 -0.063988 -0.261028 0.000000 0.000000 0.939907 -0.245139 0.000000 0.261028 0.228883 0.933687 0.000000 0.000000 0.000000 0.000000 1.000000
0.926375 0.070910 0.264880 0.000000 0.000000 0.928333 -0.267707 0.000000 -0.264880 0.247997 0.926375 0.000000 0.000000 0.000000 0.000000 1.000000
0.892882 0.086842 0.392036 0.000000 0.000000 0.950930 -0.221517 0.000000 -0.392036 0.197788 0.892882 0.000000 0.000000 0.000000 0.000000 1.000000
0.835034 0.095650 0.518330 0.000000 0.000000 0.965947 -0.184534 0.000000 -0.518330 0.154092 0.835034 0.000000 0.000000 0.000000 0.000000 1.000000
0.910346 -0.056955 -0.386760 0.000000 0.000000 0.978314 -0.147262 0.000000 0.386760 0.134059 0.910346 0.000000 0.000000 0.000000 0.000000 1.000000
0.887728 0.083059 0.414459 0.000000 0.000000 0.959838 -0.200404 0.000000 -0.414459 0.177905 0.887728 0.000000 0.000000 0.000000 0.000000 1.000000
0.833030 0.091813 0.524842 0.000000 0.000000 0.969398 -0.174935 0.000000 -0.524842 0.145726 0.833030 0.000000 0.000000 0.000000 0.000000 1.000000
0.901469 -0.030029 -0.427094 0.000000 0.000000 0.995057 -0.070310 0.000000 0.427094 0.063382 0.901469 0.000000 0.000000 0.000000 0.000000 1.000000
0.952432 -0.022737 -0.294830 0.000000 0.000000 0.994052 -0.077120 0.000000 0.294830 0.073452 0.952432 0.000000 0.000000 0.000000 0.000000 1.000000
0.834206 0.081936 0.529278 0.000000 0.000000 0.976035 -0.154808 0.000000 -0.529278 0.129142 0.834206 0.000000 0.000000 0.000000 0.000000 1.000000
0.897108 -0.008508 -0.441391 0.000000 0.000000 0.999628 -0.019275 0.000000 0.441391 0.017292 0.897108 0.000000 0.000000 0.000000 0.000000 1.000000
0.950608 -0.007127 -0.309539 0.000000 0.000000 0.999470 -0.023026 0.000000 0.309539 0.021889 0.950608 0.000000 0.000000 0.000000 0.000000 1.000000
0.845632 0.060027 0.521192 0.000000 0.000000 0.986735 -0.115173 0.000000 -0.521192 0.097394 0.845632 0.000000 0.000000 0.000000 0.000000 1.000000
0.895297 0.003115 -0.445416 0.000000 0.000000 0.999951 0.006994 0.000000 0.445416 -0.006261 0.895297 0.000000 0.000000 0.000000 0.000000 1.000000
0.948800 0.001209 -0.315854 0.000000 0.000000 0.999985 0.003828 0.000000 0.315854 -0.003632 0.948800 0.000000 0.000000 0.000000 0.000000 1.000000
0.864619 0.026240 0.499675 0.000000 0.000000 0.997242 -0.052514 0.000000 -0.499675 0.045404 0.864619 0.000000 0.000000 0.000000 0.000000 1.000000
0.895485 0.013855 -0.443996 0.000000 0.000000 0.999026 0.031206 0.000000 0.443996 -0.027945 0.895485 0.000000 0.000000 0.000000 0.000000 1.000000
0.946665 0.013311 -0.319514 0.000000 0.000000 0.998264 0.041660 0.000000 0.319514 -0.039438 0.946665 0.000000 0.000000 0.000000 0.000000 1.000000
0.887510 -0.012378 0.460001 0.000000 0.000000 0.999276 0.026908 0.000000 -0.460001 -0.023881 0.887510 0.000000 0.000000 0.000000 0.000000 1.000000
0.814194 0.000808 0.580591 0.000000 0.000000 0.999998 -0.001391 0.000000 -0.580591 0.001133 0.814194 0.000000 0.000000 0.000000 0.000000 1.000000
0.895462 0.033805 -0.438409 0.000000 0.000000 0.994054 0.077109 0.000000 0.438409 -0.069048 0.895462 0.000000 0.000000 0.000000 0.000000 1.000000
0.945437 0.031259 -0.309785 0.000000 0.000000 0.989818 0.100904 0.000000 0.309785 -0.095398 0.945437 0.000000 0.000000 0.000000 0.000000 1.000000
0.951676 -0.037261 0.275789 0.000000 0.000000 0.981746 0.135106 0.000000 -0.275789 -0.128577 0.951676 0.000000 0.000000 0.000000 0.000000 1.000000
0.909719 -0.045830 0.399024 0.000000 0.000000 0.986808 0.114856 0.000000 -0.399024 -0.104487 0.909719 0.000000 0.000000 0.000000 0.000000 1.000000
0.904167 0.053132 -0.406714 0.000000 0.000000 0.982934 0.130639 0.000000 0.406714 -0.118119 0.904167 0.000000 0.000000 0.000000 0.000000 1.000000
0.937692 0.048447 -0.310453 0.000000 0.000000 0.975648 0.156052 0.000000 0.310453 -0.146329 0.937692 0.000000 0.000000 0.000000 0.000000 1.000000
0.965420 0.033291 -0.164812 0.000000 0.000000 0.959199 0.201992 0.000000 0.164812 -0.195007 0.965420 0.000000 0.000000 0.000000 0.000000 1.000000
0.967928 -0.030154 0.149171 0.000000 0.000000 0.959137 0.202145 0.000000 -0.149171 -0.195662 0.967928 0.000000 0.000000 0.000000 0.000000 1.000000
0.931569 -0.054390 0.321924 0.000000 0.000000 0.971455 0.168952 0.000000 -0.321924 -0.157391 0.931569 0.000000 0.000000 0.000000 0.000000 1.000000
0.882256 -0.060254 0.451454 0.000000 0.000000 0.982186 0.133467 0.000000 -0.451454 -0.117752 0.882256 0.000000 0.000000 0.000000 0.000000 1.000000
0.920030 0.051687 -0.365430 0.000000 0.000000 0.979994 0.141442 0.000000 0.365430 -0.130131 0.920030 0.000000 0.000000 0.000000 0.000000 1.000000
0.953734 0.044378 -0.231840 0.000000 0.000000 0.963359 0.191418 0.000000 0.231840 -0.182562 0.953734 0.000000 0.000000 0.000000 0.000000 1.000000
0.972155 0.018158 -0.082835 0.000000 0.000000 0.951946 0.219211 0.000000 0.082835 -0.213107 0.972155 0.000000 0.000000 0.000000 0.000000 1.000000
0.972563 -0.004948 0.021360 0.000000 0.000000 0.946335 0.231656 0.000000 -0.021360 -0.225300 0.972563 0.000000 0.000000 0.000000 0.000000 1.000000
0.966292 -0.033136 0.180645 0.000000 0.000000 0.966352 0.183433 0.000000 -0.180645 -0.177250 0.966292 0.000000 0.000000 0.000000 0.000000 1.000000
0.930931 -0.050877 0.331348 0.000000 0.000000 0.976424 0.153545 0.000000 -0.331348 -0.142939 0.930931 0.000000 0.000000 0.000000 0.000000 1.000000
0.887879 -0.068733 0.431642 0.000000 0.000000 0.974644 0.159236 0.000000 -0.431642 -0.141382 0.887879 0.000000 0.000000 0.000000 0.000000 1.000000
0.963747 0.034561 -0.210039 0.000000 0.000000 0.972924 0.164547 0.000000 0.210039 -0.158581 0.963747 0.000000 0.000000 0.000000 0.000000 1.000000
0.978495 0.016605 -0.089308 0.000000 0.000000 0.965428 0.185935 0.000000 0.089308 -0.181936 0.978495 0.000000 0.000000 0.000000 0.000000 1.000000
0.980625 -0.007473 0.038925 0.000000 0.000000 0.963141 0.191987 0.000000 -0.038925 -0.188268 0.980625 0.000000 0.000000 0.000000 0.000000 1.000000
0.975627 -0.023977 0.147966 0.000000 0.000000 0.973743 0.162041 0.000000 -0.147966 -0.158092 0.975627 0.000000 0.000000 0.000000 0.000000 1.000000
0.945163 -0.043881 0.289218 0.000000 0.000000 0.976981 0.151721 0.000000 -0.289218 -0.143401 0.945163 0.000000 0.000000 0.000000 0.000000 1.000000
0.889796 -0.065926 0.429809 0.000000 0.000000 0.976473 0.153384 0.000000 -0.429809 -0.136481 0.889796 0.000000 0.000000 0.000000 0.000000 1.000000
0.954122 0.043885 -0.232298 0.000000 0.000000 0.964311 0.188915 0.000000 0.232298 -0.180248 0.954122 0.000000 0.000000 0.000000 0.000000 1.000000
0.980412 0.016289 -0.094158 0.000000 0.000000 0.970072 0.172996 0.000000 0.094158 -0.169607 0.980412 0.000000 0.000000 0.000000 0.000000 1.000000
0.984658 -0.001008 0.005778 0.000000 0.000000 0.969584 0.174401 0.000000 -0.005778 -0.171725 0.984658 0.000000 0.000000 0.000000 0.000000 1.000000
0.975770 -0.021323 0.114285 0.000000 0.000000 0.965188 0.186580 0.000000 -0.114285 -0.182059 0.975770 0.000000 0.000000 0.000000 0.000000 1.000000
0.955984 -0.042211 0.226911 0.000000 0.000000 0.965395 0.186025 0.000000 -0.226911 -0.177837 0.955984 0.000000 0.000000 0.000000 0.000000 1.000000
0.967818 0.026694 -0.120967 0.000000 0.000000 0.951304 0.220671 0.000000 0.120967 -0.213569 0.967818 0.000000 0.000000 0.000000 0.000000 1.000000
0.975880 -0.000074 0.000341 0.000000 0.000000 0.952343 0.218305 0.000000 -0.000341 -0.213040 0.975880 0.000000 0.000000 0.000000 0.000000 1.000000
0.971727 -0.021874 0.102943 0.000000 0.000000 0.954851 0.212483 0.000000 -0.102943 -0.206476 0.971727 0.000000 0.000000 0.000000 0.000000 1.000000
0.787427 -0.114628 -0.196158 0.000000 0.000000 0.658519 -0.584364 0.000000 0.196158 0.460144 0.787427 0.000000 0.000000 0.000000 0.000000 1.000000
0.830298 0.123859 0.248218 0.000000 0.000000 0.751007 -0.498992 0.000000 -0.248218 0.414312 0.830298 0.000000 0.000000 0.000000 0.000000 1.000000
0.680894 0.217149 0.652370 0.000000 0.000000 0.889203 -0.332862 0.000000 -0.652370 0.226644 0.680894 0.000000 0.000000 0.000000 0.000000 1.000000
0.753146 -0.215205 -0.488831 0.000000 0.000000 0.806185 -0.440245 0.000000 0.488831 0.331569 0.753146 0.000000 0.000000 0.000000 0.000000 1.000000
0.739223 0.104021 0.654435 0.000000 0.000000 0.974736 -0.158947 0.000000 -0.654435 0.117498 0.739223 0.000000 0.000000 0.000000 0.000000 1.000000
0.610485 -0.078043 -0.785776 0.000000 0.000000 0.990136 -0.099319 0.000000 0.785776 0.060633 0.610485 0.000000 0.000000 0.000000 0.000000 1.000000
0.715907 -0.087113 0.686570 0.000000 0.000000 0.983901 0.126881 0.000000 -0.686570 -0.090835 0.715907 0.000000 0.000000 0.000000 0.000000 1.000000
0.717470 0.200430 -0.615902 0.000000 0.000000 0.894099 0.325425 0.000000 0.615902 -0.233483 0.717470 0.000000 0.000000 0.000000 0.000000 1.000000
0.855070 0.092705 -0.192561 0.000000 0.000000 0.768224 0.481431 0.000000 0.192561 -0.411657 0.855070 0.000000 0.000000 0.000000 0.000000 1.000000
0.835972 -0.125807 0.260457 0.000000 0.000000 0.766687 0.483025 0.000000 -0.260457 -0.403795 0.835972 0.000000 0.000000 0.000000 0.000000 1.000000
0.826564 -0.137227 -0.281581 0.000000 0.000000 0.762495 -0.487345 0.000000 0.281581 0.402821 0.826564 0.000000 0.000000 0.000000 0.000000 1.000000
0.861586 -0.054723 -0.110451 0.000000 0.000000 0.754529 -0.495450 0.000000 0.110451 0.426873 0.861586 0.000000 0.000000 0.000000 0.000000 1.000000
0.843945 0.033495 0.062874 0.000000 0.000000 0.716197 -0.532732 0.000000 -0.062874 0.449596 0.843945 0.000000 0.000000 0.000000 0.000000 1.000000
0.796448 0.137123 0.248791 0.000000 0.000000 0.696227 -0.551156 0.000000 -0.248791 0.438967 0.796448 0.000000 0.000000 0.000000 0.000000 1.000000
0.755970 0.209859 0.413613 0.000000 0.000000 0.742566 -0.507380 0.000000 -0.413613 0.383564 0.755970 0.000000 0.000000 0.000000 0.000000 1.000000
0.806106 -0.174969 -0.410380 0.000000 0.000000 0.818218 -0.426359 0.000000 0.410380 0.343690 0.806106 0.000000 0.000000 0.000000 0.000000 1.000000
0.861182 -0.114862 -0.264696 0.000000 0.000000 0.811698 -0.433938 0.000000 0.264696 0.373699 0.861182 0.000000 0.000000 0.000000 0.000000 1.000000
0.864964 0.090228 0.195158 0.000000 0.000000 0.786249 -0.462332 0.000000 -0.195158 0.399901 0.864964 0.000000 0.000000 0.000000 0.000000 1.000000
0.831813 0.153425 0.374505 0.000000 0.000000 0.832167 -0.409674 0.000000 -0.374505 0.340772 0.831813 0.000000 0.000000 0.000000 0.000000 1.000000
0.728847 0.224901 0.548098 0.000000 0.000000 0.831630 -0.410329 0.000000 -0.548098 0.299067 0.728847 0.000000 0.000000 0.000000 0.000000 1.000000
0.773138 -0.191059 -0.513783 0.000000 0.000000 0.861715 -0.371866 0.000000 0.513783 0.287504 0.773138 0.000000 0.000000 0.000000 0.000000 1.000000
0.836998 -0.149183 -0.402925 0.000000 0.000000 0.862914 -0.370251 0.000000 0.402925 0.309899 0.836998 0.000000 0.000000 0.000000 0.000000 1.000000
0.768724 0.183198 0.543580 0.000000 0.000000 0.886416 -0.337022 0.000000 -0.543580 0.259077 0.768724 0.000000 0.000000 0.000000 0.000000 1.000000
0.811957 0.128972 0.530729 0.000000 0.000000 0.940947 -0.243009 0.000000 -0.530729 0.197313 0.811957 0.000000 0.000000 0.000000 0.000000 1.000000
0.710942 0.173716 0.650588 0.000000 0.000000 0.928703 -0.267014 0.000000 -0.650588 0.189832 0.710942 0.000000 0.000000 0.000000 0.000000 1.000000
0.758977 -0.136667 -0.611568 0.000000 0.000000 0.950061 -0.223470 0.000000 0.611568 0.169608 0.758977 0.000000 0.000000 0.000000 0.000000 1.000000
0.743614 0.120666 0.641615 0.000000 0.000000 0.964631 -0.188066 0.000000 -0.641615 0.139849 0.743614 0.000000 0.000000 0.000000 0.000000 1.000000
0.837010 -0.072047 -0.530036 0.000000 0.000000 0.981523 -0.135929 0.000000 0.530036 0.113774 0.837010 0.000000 0.000000 0.000000 0.000000 1.000000
0.757943 0.103168 0.631535 0.000000 0.000000 0.973313 -0.163361 0.000000 -0.631535 0.123818 0.757943 0.000000 0.000000 0.000000 0.000000 1.000000
0.830826 -0.031778 -0.553563 0.000000 0.000000 0.996705 -0.057406 0.000000 0.553563 0.047695 0.830826 0.000000 0.000000 0.000000 0.000000 1.000000
0.767691 0.093049 0.623182 0.000000 0.000000 0.977705 -0.149313 0.000000 -0.623182 0.114627 0.767691 0.000000 0.000000 0.000000 0.000000 1.000000
0.827604 -0.009732 -0.561044 0.000000 0.000000 0.999699 -0.017346 0.000000 0.561044 0.014356 0.827604 0.000000 0.000000 0.000000 0.000000 1.000000
0.778294 0.075481 0.615821 0.000000 0.000000 0.984977 -0.122570 0.000000 -0.615821 0.095395 0.778294 0.000000 0.000000 0.000000 0.000000 1.000000
0.694471 0.089652 0.708300 0.000000 0.000000 0.983979 -0.126574 0.000000 -0.708300 0.087902 0.694471 0.000000 0.000000 0.000000 0.000000 1.000000
0.829815 0.001462 -0.558032 0.000000 0.000000 0.999993 0.002620 0.000000 0.558032 -0.002174 0.829815 0.000000 0.000000 0.000000 0.000000 1.000000
0.794004 0.042416 0.603841 0.000000 0.000000 0.995066 -0.070244 0.000000 -0.603841 0.055774 0.794004 0.000000 0.000000 0.000000 0.000000 1.000000
0.711731 0.056161 0.697826 0.000000 0.000000 0.993523 -0.080481 0.000000 -0.697826 0.057281 0.711731 0.000000 0.000000 0.000000 0.000000 1.000000
0.833807 0.011211 -0.551682 0.000000 0.000000 0.999587 0.020322 0.000000 0.551682 -0.016945 0.833807 0.000000 0.000000 0.000000 0.000000 1.000000
0.727604 0.018071 0.685491 0.000000 0.000000 0.999305 -0.026363 0.000000 -0.685491 0.019181 0.727604 0.000000 0.000000 0.000000 0.000000 1.000000
0.840359 0.029263 -0.539307 0.000000 0.000000 0.997056 0.054260 0.000000 0.539307 -0.045598 0.840359 0.000000 0.000000 0.000000 0.000000 1.000000
0.846667 -0.035649 0.527820 0.000000 0.000000 0.995438 0.067540 0.000000 -0.527820 -0.057184 0.846667 0.000000 0.000000 0.000000 0.000000 1.000000
0.751726 -0.017363 0.658949 0.000000 0.000000 0.999306 0.026350 0.000000 -0.658949 -0.019808 0.751726 0.000000 0.000000 0.000000 0.000000 1.000000
0.853925 0.042985 -0.513622 0.000000 0.000000 0.992996 0.083691 0.000000 0.513622 -0.071466 0.853925 0.000000 0.000000 0.000000 0.000000 1.000000
0.814783 -0.058759 0.570545 0.000000 0.000000 0.989393 0.102988 0.000000 -0.570545 -0.083913 0.814783 0.000000 0.000000 0.000000 0.000000 1.000000
0.732294 -0.064375 0.674263 0.000000 0.000000 0.990885 0.095474 0.000000 -0.674263 -0.069915 0.732294 0.000000 0.000000 0.000000 0.000000 1.000000
0.863635 0.053224 -0.492393 0.000000 0.000000 0.988316 0.108093 0.000000 0.492393 -0.093353 0.863635 0.000000 0.000000 0.000000 0.000000 1.000000
0.840007 -0.082887 0.518490 0.000000 0.000000 0.974444 0.159863 0.000000 -0.518490 -0.134286 0.840007 0.000000 0.000000 0.000000 0.000000 1.000000
0.861868 0.072759 -0.484376 0.000000 0.000000 0.977436 0.150212 0.000000 0.484376 -0.129463 0.861868 0.000000 0.000000 0.000000 0.000000 1.000000
0.921673 0.056091 -0.354171 0.000000 0.000000 0.974918 0.158373 0.000000 0.354171 -0.145968 0.921673 0.000000 0.000000 0.000000 0.000000 1.000000
0.812239 -0.090009 0.560811 0.000000 0.000000 0.974240 0.160498 0.000000 -0.560811 -0.130363 0.812239 0.000000 0.000000 0.000000 0.000000 1.000000
0.850865 0.098803 -0.484126 0.000000 0.000000 0.958349 0.204085 0.000000 0.484126 -0.173649 0.850865 0.000000 0.000000 0.000000 0.000000 1.000000
0.908460 0.074575 -0.364461 0.000000 0.000000 0.958131 0.204619 0.000000 0.364461 -0.185888 0.908460 0.000000 0.000000 0.000000 0.000000 1.000000
0.910553 -0.067105 0.371944 0.000000 0.000000 0.967450 0.180417 0.000000 -0.371944 -0.164279 0.910553 0.000000 0.000000 0.000000 0.000000 1.000000
0.835050 -0.074025 0.532308 0.000000 0.000000 0.980661 0.139065 0.000000 -0.532308 -0.116126 0.835050 0.000000 0.000000 0.000000 0.000000 1.000000
0.892909 0.093757 -0.373984 0.000000 0.000000 0.937150 0.250699 0.000000 0.373984 -0.223851 0.892909 0.000000 0.000000 0.000000 0.000000 1.000000
0.933588 0.063966 -0.264113 0.000000 0.000000 0.941343 0.242192 0.000000 0.264113 -0.226108 0.933588 0.000000 0.000000 0.000000 0.000000 1.000000
0.945536 -0.052964 0.233093 0.000000 0.000000 0.948370 0.227222 0.000000 -0.233093 -0.214847 0.945536 0.000000 0.000000 0.000000 0.000000 1.000000
0.899492 -0.073854 0.394888 0.000000 0.000000 0.965022 0.187024 0.000000 -0.394888 -0.168227 0.899492 0.000000 0.000000 0.000000 0.000000 1.000000
0.826038 -0.087813 0.539610 0.000000 0.000000 0.973518 0.162734 0.000000 -0.539610 -0.134424 0.826038 0.000000 0.000000 0.000000 0.000000 1.000000
0.882787 0.105953 -0.375712 0.000000 0.000000 0.920473 0.282006 0.000000 0.375712 -0.248951 0.882787 0.000000 0.000000 0.000000 0.000000 1.000000
0.916705 0.079428 -0.268069 0.000000 0.000000 0.912209 0.296296 0.000000 0.268069 -0.271616 0.916705 0.000000 0.000000 0.000000 0.000000 1.000000
0.944738 0.046865 -0.165671 0.000000 0.000000 0.919978 0.282882 0.000000 0.165671 -0.267250 0.944738 0.000000 0.000000 0.000000 0.000000 1.000000
0.961341 0.007091 -0.025866 0.000000 0.000000 0.924846 0.274143 0.000000 0.025866 -0.263545 0.961341 0.000000 0.000000 0.000000 0.000000 1.000000
0.957522 -0.031979 0.122504 0.000000 0.000000 0.931856 0.261045 0.000000 -0.122504 -0.249956 0.957522 0.000000 0.000000 0.000000 0.000000 1.000000
0.932738 -0.064985 0.257628 0.000000 0.000000 0.936373 0.252244 0.000000 -0.257628 -0.235278 0.932738 0.000000 0.000000 0.000000 0.000000 1.000000
0.896147 -0.092141 0.364920 0.000000 0.000000 0.936246 0.252495 0.000000 -0.364920 -0.226273 0.896147 0.000000 0.000000 0.000000 0.000000 1.000000
0.919147 0.076917 -0.259683 0.000000 0.000000 0.912267 0.296198 0.000000 0.259683 -0.272249 0.919147 0.000000 0.000000 0.000000 0.000000 1.000000
0.942503 0.038270 -0.123188 0.000000 0.000000 0.903488 0.310664 0.000000 0.123188 -0.292802 0.942503 0.000000 0.000000 0.000000 0.000000 1.000000
0.953268 -0.013197 0.044154 0.000000 0.000000 0.910670 0.298882 0.000000 -0.044154 -0.284914 0.953268 0.000000 0.000000 0.000000 0.000000 1.000000
0.940839 -0.050275 0.172311 0.000000 0.000000 0.914870 0.291771 0.000000 -0.172311 -0.274510 0.940839 0.000000 0.000000 0.000000 0.000000 1.000000
0.916860 -0.078972 0.262787 0.000000 0.000000 0.909690 0.300516 0.000000 -0.262787 -0.275532 0.916860 0.000000 0.000000 0.000000 0.000000 1.000000
0.938757 0.044301 -0.140878 0.000000 0.000000 0.901111 0.314467 0.000000 0.140878 -0.295208 0.938757 0.000000 0.000000 0.000000 0.000000 1.000000
0.943916 0.000404 -0.001222 0.000000 0.000000 0.890979 0.330184 0.000000 0.001222 -0.311666 0.943916 0.000000 0.000000 0.000000 0.000000 1.000000
0.936041 -0.040939 0.124366 0.000000 0.000000 0.891639 0.329182 0.000000 -0.124366 -0.308128 0.936041 0.000000 0.000000 0.000000 0.000000 1.000000
0.676859 -0.197447 -0.292249 0.000000 0.000000 0.543547 -0.675613 0.000000 0.292249 0.457294 0.676859 0.000000 0.000000 0.000000 0.000000 1.000000
0.743668 0.063608 0.096143 0.000000 0.000000 0.562286 -0.661600 0.000000 -0.096143 0.492011 0.743668 0.000000 0.000000 0.000000 0.000000 1.000000
0.661712 0.280942 0.522145 0.000000 0.000000 0.710498 -0.538054 0.000000 -0.522145 0.356037 0.661712 0.000000 0.000000 0.000000 0.000000 1.000000
0.629297 -0.301991 -0.548742 0.000000 0.000000 0.697133 -0.550333 0.000000 0.548742 0.346323 0.629297 0.000000 0.000000 0.000000 0.000000 1.000000
0.472643 0.189884 0.852651 0.000000 0.000000 0.950405 -0.222698 0.000000 -0.852651 0.105257 0.472643 0.000000 0.000000 0.000000 0.000000 1.000000
0.499824 -0.256057 -0.805717 0.000000 0.000000 0.899003 -0.317800 0.000000 0.805717 0.158844 0.499824 0.000000 0.000000 0.000000 0.000000 1.000000
0.467913 -0.014350 0.883625 0.000000 0.000000 0.999736 0.016240 0.000000 -0.883625 -0.007599 0.467913 0.000000 0.000000 0.000000 0.000000 1.000000
0.847839 -0.062439 -0.120941 0.000000 0.000000 0.733458 -0.516277 0.000000 0.120941 0.437720 0.847839 0.000000 0.000000 0.000000 0.000000 1.000000
0.866993 0.112491 0.267598 0.000000 0.000000 0.823286 -0.420374 0.000000 -0.267598 0.364461 0.866993 0.000000 0.000000 0.000000 0.000000 1.000000
0.810931 -0.167808 -0.452864 0.000000 0.000000 0.862695 -0.370547 0.000000 0.452864 0.300488 0.810931 0.000000 0.000000 0.000000 0.000000 1.000000
0.951384 -0.042721 -0.163772 0.000000 0.000000 0.931952 -0.260860 0.000000 0.163772 0.248178 0.951384 0.000000 0.000000 0.000000 0.000000 1.000000
0.933965 0.063385 0.236905 0.000000 0.000000 0.928415 -0.267554 0.000000 -0.236905 0.249886 0.933965 0.000000 0.000000 0.000000 0.000000 1.000000
0.816247 0.082884 0.558302 0.000000 0.000000 0.977961 -0.148457 0.000000 -0.558302 0.121178 0.816247 0.000000 0.000000 0.000000 0.000000 1.000000
0.347999 0.387616 -0.804049 0.000000 0.000000 0.767598 0.482081 0.000000 0.804049 -0.167764 0.347999 0.000000 0.000000 0.000000 0.000000 1.000000
0.698295 -0.228379 0.610150 0.000000 0.000000 0.859899 0.374300 0.000000 -0.610150 -0.261372 0.698295 0.000000 0.000000 0.000000 0.000000 1.000000
0.986022 0.013588 -0.105107 0.000000 0.000000 0.983287 0.129278 0.000000 0.105107 -0.127471 0.986022 0.000000 0.000000 0.000000 0.000000 1.000000
0.972998 -0.008161 0.228022 0.000000 0.000000 0.998719 0.035790 0.000000 -0.228022 -0.034823 0.972998 0.000000 0.000000 0.000000 0.000000 1.000000
0.441513 0.296907 -0.361561 0.000000 0.000000 0.325660 0.821182 0.000000 0.361561 -0.362563 0.441513 0.000000 0.000000 0.000000 0.000000 1.000000
0.486914 -0.099923 0.115412 0.000000 0.000000 0.250406 0.865791 0.000000 -0.115412 -0.421566 0.486914 0.000000 0.000000 0.000000 0.000000 1.000000
0.475388 -0.364049 0.505671 0.000000 0.000000 0.481697 0.719933 0.000000 -0.505671 -0.342248 0.475388 0.000000 0.000000 0.000000 0.000000 1.000000
0.874388 0.100606 -0.237889 0.000000 0.000000 0.821145 0.422912 0.000000 0.237889 -0.369789 0.874388 0.000000 0.000000 0.000000 0.000000 1.000000
0.731662 -0.055322 -0.081748 0.000000 0.000000 0.542012 -0.676748 0.000000 0.081748 0.495151 0.731662 0.000000 0.000000 0.000000 0.000000 1.000000
0.720820 0.081060 0.118703 0.000000 0.000000 0.533672 -0.682882 0.000000 -0.118703 0.492235 0.720820 0.000000 0.000000 0.000000 0.000000 1.000000
0.702502 -0.236733 -0.404099 0.000000 0.000000 0.656805 -0.585829 0.000000 0.404099 0.411546 0.702502 0.000000 0.000000 0.000000 0.000000 1.000000
0.760962 -0.161876 -0.275605 0.000000 0.000000 0.655021 -0.587349 0.000000 0.275605 0.446950 0.760962 0.000000 0.000000 0.000000 0.000000 1.000000
0.808486 -0.085838 -0.150899 0.000000 0.000000 0.676421 -0.568840 0.000000 0.150899 0.459900 0.808486 0.000000 0.000000 0.000000 0.000000 1.000000
0.804704 0.018444 0.031111 0.000000 0.000000 0.648517 -0.592860 0.000000 -0.031111 0.477077 0.804704 0.000000 0.000000 0.000000 0.000000 1.000000
0.743442 0.142335 0.226141 0.000000 0.000000 0.603845 -0.629408 0.000000 -0.226141 0.467928 0.743442 0.000000 0.000000 0.000000 0.000000 1.000000
0.689430 0.233571 0.378011 0.000000 0.000000 0.618205 -0.617895 0.000000 -0.378011 0.425995 0.689430 0.000000 0.000000 0.000000 0.000000 1.000000
0.700158 -0.254643 -0.515853 0.000000 0.000000 0.756325 -0.493634 0.000000 0.515853 0.345622 0.700158 0.000000 0.000000 0.000000 0.000000 1.000000
0.771677 -0.199090 -0.408174 0.000000 0.000000 0.762092 -0.487758 0.000000 0.408174 0.376392 0.771677 0.000000 0.000000 0.000000 0.000000 1.000000
0.646503 0.290889 0.547386 0.000000 0.000000 0.717598 -0.531415 0.000000 -0.547386 0.343561 0.646503 0.000000 0.000000 0.000000 0.000000 1.000000
0.611262 0.291457 0.654051 0.000000 0.000000 0.801424 -0.445619 0.000000 -0.654051 0.272390 0.611262 0.000000 0.000000 0.000000 0.000000 1.000000
0.703903 -0.213060 -0.622349 0.000000 0.000000 0.882798 -0.342348 0.000000 0.622349 0.240980 0.703903 0.000000 0.000000 0.000000 0.000000 1.000000
0.641988 0.243305 0.677374 0.000000 0.000000 0.870984 -0.359188 0.000000 -0.677374 0.230595 0.641988 0.000000 0.000000 0.000000 0.000000 1.000000
0.781680 -0.168042 -0.540744 0.000000 0.000000 0.903428 -0.310761 0.000000 0.540744 0.242915 0.781680 0.000000 0.000000 0.000000 0.000000 1.000000
0.619749 0.221837 0.722188 0.000000 0.000000 0.905645 -0.307173 0.000000 -0.722188 0.190370 0.619749 0.000000 0.000000 0.000000 0.000000 1.000000
0.674349 -0.144352 -0.709860 0.000000 0.000000 0.958648 -0.203353 0.000000 0.709860 0.137131 0.674349 0.000000 0.000000 0.000000 0.000000 1.000000
0.638809 0.153304 0.741029 0.000000 0.000000 0.957201 -0.206879 0.000000 -0.741029 0.132156 0.638809 0.000000 0.000000 0.000000 0.000000 1.000000
0.752371 -0.083290 -0.645998 0.000000 0.000000 0.983376 -0.128933 0.000000 0.645998 0.097005 0.752371 0.000000 0.000000 0.000000 0.000000 1.000000
0.664103 0.111920 0.731833 0.000000 0.000000 0.976612 -0.152931 0.000000 -0.731833 0.101562 0.664103 0.000000 0.000000 0.000000 0.000000 1.000000
0.752449 -0.037154 -0.656213 0.000000 0.000000 0.996794 -0.056619 0.000000 0.656213 0.042603 0.752449 0.000000 0.000000 0.000000 0.000000 1.000000
0.669724 0.110947 0.726748 0.000000 0.000000 0.976694 -0.152663 0.000000 -0.726748 0.102242 0.669724 0.000000 0.000000 0.000000 0.000000 1.000000
0.757586 -0.016366 -0.652253 0.000000 0.000000 0.999370 -0.025092 0.000000 0.652253 0.019009 0.757586 0.000000 0.000000 0.000000 0.000000 1.000000
0.602470 0.106313 0.786616 0.000000 0.000000 0.981734 -0.135152 0.000000 -0.786616 0.081425 0.602470 0.000000 0.000000 0.000000 0.000000 1.000000
0.763977 -0.007034 -0.645151 0.000000 0.000000 0.999881 -0.010903 0.000000 0.645151 0.008330 0.763977 0.000000 0.000000 0.000000 0.000000 1.000000
0.623729 0.066082 0.777000 0.000000 0.000000 0.992767 -0.085048 0.000000 -0.777000 0.053047 0.623729 0.000000 0.000000 0.000000 0.000000 1.000000
0.770598 0.004253 -0.637286 0.000000 0.000000 0.999955 0.006674 0.000000 0.637286 -0.005143 0.770598 0.000000 0.000000 0.000000 0.000000 1.000000
0.634014 0.031305 0.772258 0.000000 0.000000 0.998357 -0.040538 0.000000 -0.772258 0.025701 0.634014 0.000000 0.000000 0.000000 0.000000 1.000000
0.778623 0.017161 -0.626895 0.000000 0.000000 0.999251 0.027375 0.000000 0.626895 -0.021315 0.778623 0.000000 0.000000 0.000000 0.000000 1.000000
0.648023 -0.002850 0.761612 0.000000 0.000000 0.999986 0.003742 0.000000 -0.761612 -0.002425 0.648023 0.000000 0.000000 0.000000 0.000000 1.000000
0.786147 0.035182 -0.615389 0.000000 0.000000 0.996732 0.057170 0.000000 0.615389 -0.044944 0.786147 0.000000 0.000000 0.000000 0.000000 1.000000
0.655072 -0.036451 0.754018 0.000000 0.000000 0.997663 0.048343 0.000000 -0.754018 -0.031668 0.655072 0.000000 0.000000 0.000000 0.000000 1.000000
0.789733 0.055002 -0.606715 0.000000 0.000000 0.991782 0.090656 0.000000 0.606715 -0.071594 0.789733 0.000000 0.000000 0.000000 0.000000 1.000000
0.766090 -0.098857 0.622827 0.000000 0.000000 0.974807 0.158722 0.000000 -0.622827 -0.121595 0.766090 0.000000 0.000000 0.000000 0.000000 1.000000
0.790210 0.081345 -0.597524 0.000000 0.000000 0.981467 0.136137 0.000000 0.597524 -0.107577 0.790210 0.000000 0.000000 0.000000 0.000000 1.000000
0.715640 -0.099570 0.683090 0.000000 0.000000 0.978753 0.145765 0.000000 -0.683090 -0.104315 0.715640 0.000000 0.000000 0.000000 0.000000 1.000000
0.786614 0.111519 -0.587549 0.000000 0.000000 0.963974 0.189804 0.000000 0.587549 -0.149302 0.786614 0.000000 0.000000 0.000000 0.000000 1.000000
0.740264 -0.080632 0.661163 0.000000 0.000000 0.985127 0.121955 0.000000 -0.661163 -0.090279 0.740264 0.000000 0.000000 0.000000 0.000000 1.000000
0.839699 0.119413 -0.483691 0.000000 0.000000 0.939051 0.246879 0.000000 0.483691 -0.207304 0.839699 0.000000 0.000000 0.000000 0.000000 1.000000
0.750268 -0.079467 0.649721 0.000000 0.000000 0.985040 0.122310 0.000000 -0.649721 -0.091765 0.750268 0.000000 0.000000 0.000000 0.000000 1.000000
0.833864 0.128201 -0.484375 0.000000 0.000000 0.929948 0.264674 0.000000 0.484375 -0.220702 0.833864 0.000000 0.000000 0.000000 0.000000 1.000000
0.850731 -0.110993 0.469411 0.000000 0.000000 0.944090 0.236452 0.000000 -0.469411 -0.201157 0.850731 0.000000 0.000000 0.000000 0.000000 1.000000
0.771159 -0.118153 0.606058 0.000000 0.000000 0.961993 0.194954 0.000000 -0.606058 -0.150340 0.771159 0.000000 0.000000 0.000000 0.000000 1.000000
0.828980 0.133585 -0.487572 0.000000 0.000000 0.924934 0.273981 0.000000 0.487572 -0.227125 0.828980 0.000000 0.000000 0.000000 0.000000 1.000000
0.882960 0.106605 -0.371586 0.000000 0.000000 0.917694 0.286891 0.000000 0.371586 -0.253313 0.882960 0.000000 0.000000 0.000000 0.000000 1.000000
0.885576 -0.106351 0.354911 0.000000 0.000000 0.910207 0.299654 0.000000 -0.354911 -0.265367 0.885576 0.000000 0.000000 0.000000 0.000000 1.000000
0.834011 -0.129881 0.481229 0.000000 0.000000 0.927157 0.269895 0.000000 -0.481229 -0.225095 0.834011 0.000000 0.000000 0.000000 0.000000 1.000000
0.877968 0.111786 -0.373853 0.000000 0.000000 0.910593 0.299010 0.000000 0.373853 -0.262521 0.877968 0.000000 0.000000 0.000000 0.000000 1.000000
0.911875 0.083582 -0.271501 0.000000 0.000000 0.905228 0.307851 0.000000 0.271501 -0.280721 0.911875 0.000000 0.000000 0.000000 0.000000 1.000000
0.912779 -0.079949 0.244159 0.000000 0.000000 0.892779 0.327446 0.000000 -0.244159 -0.298886 0.912779 0.000000 0.000000 0.000000 0.000000 1.000000
0.873981 -0.114496 0.383333 0.000000 0.000000 0.910788 0.298684 0.000000 -0.383333 -0.261045 0.873981 0.000000 0.000000 0.000000 0.000000 1.000000
0.796514 -0.158743 0.522869 0.000000 0.000000 0.907827 0.303601 0.000000 -0.522869 -0.241822 0.796514 0.000000 0.000000 0.000000 0.000000 1.000000
0.875538 0.114689 -0.371992 0.000000 0.000000 0.904946 0.308309 0.000000 0.371992 -0.269936 0.875538 0.000000 0.000000 0.000000 0.000000 1.000000
0.906452 0.086613 -0.260691 0.000000 0.000000 0.889615 0.332242 0.000000 0.260691 -0.301162 0.906452 0.000000 0.000000 0.000000 0.000000 1.000000
0.923903 0.057706 -0.167817 0.000000 0.000000 0.881760 0.343861 0.000000 0.167817 -0.317694 0.923903 0.000000 0.000000 0.000000 0.000000 1.000000
0.935942 0.011647 -0.033221 0.000000 0.000000 0.877091 0.350584 0.000000 0.033221 -0.328126 0.935942 0.000000 0.000000 0.000000 0.000000 1.000000
0.932160 -0.039825 0.116136 0.000000 0.000000 0.882409 0.342916 0.000000 -0.116136 -0.319652 0.932160 0.000000 0.000000 0.000000 0.000000 1.000000
0.911561 -0.082641 0.258390 0.000000 0.000000 0.897708 0.319831 0.000000 -0.258390 -0.291545 0.911561 0.000000 0.000000 0.000000 0.000000 1.000000
0.870340 -0.120376 0.368538 0.000000 0.000000 0.893312 0.326631 0.000000 -0.368538 -0.284280 0.870340 0.000000 0.000000 0.000000 0.000000 1.000000
0.903635 0.086437 -0.247056 0.000000 0.000000 0.877593 0.349867 0.000000 0.247056 -0.316152 0.903635 0.000000 0.000000 0.000000 0.000000 1.000000
0.919445 0.045118 -0.120544 0.000000 0.000000 0.859910 0.374286 0.000000 0.120544 -0.344135 0.919445 0.000000 0.000000 0.000000 0.000000 1.000000
0.924933 -0.010275 0.027100 0.000000 0.000000 0.856235 0.379164 0.000000 -0.027100 -0.350701 0.924933 0.000000 0.000000 0.000000 0.000000 1.000000
0.917424 -0.055247 0.149882 0.000000 0.000000 0.864131 0.368604 0.000000 -0.149882 -0.338166 0.917424 0.000000 0.000000 0.000000 0.000000 1.000000
0.892538 -0.096552 0.264159 0.000000 0.000000 0.866404 0.365508 0.000000 -0.264159 -0.326230 0.892538 0.000000 0.000000 0.000000 0.000000 1.000000
0.552985 -0.285338 -0.386599 0.000000 0.000000 0.455251 -0.738071 0.000000 0.386599 0.408142 0.552985 0.000000 0.000000 0.000000 0.000000 1.000000
0.647176 0.002045 0.002682 0.000000 0.000000 0.418844 -0.762336 0.000000 -0.002682 0.493366 0.647176 0.000000 0.000000 0.000000 0.000000 1.000000
0.613630 0.286018 0.433312 0.000000 0.000000 0.564302 -0.660075 0.000000 -0.433312 0.405042 0.613630 0.000000 0.000000 0.000000 0.000000 1.000000
0.518146 -0.365434 -0.591831 0.000000 0.000000 0.618739 -0.617463 0.000000 0.591831 0.319936 0.518146 0.000000 0.000000 0.000000 0.000000 1.000000
0.477917 0.300362 0.792413 0.000000 0.000000 0.856323 -0.379047 0.000000 -0.792413 0.181153 0.477917 0.000000 0.000000 0.000000 0.000000 1.000000
0.407245 -0.339223 -0.812236 0.000000 0.000000 0.825576 -0.417641 0.000000 0.812236 0.170082 0.407245 0.000000 0.000000 0.000000 0.000000 1.000000
0.723963 -0.181966 -0.290914 0.000000 0.000000 0.608753 -0.625497 0.000000 0.290914 0.452837 0.723963 0.000000 0.000000 0.000000 0.000000 1.000000
0.821933 0.089345 0.163775 0.000000 0.000000 0.702396 -0.545531 0.000000 -0.163775 0.448390 0.821933 0.000000 0.000000 0.000000 0.000000 1.000000
0.761091 0.192516 0.543306 0.000000 0.000000 0.874441 -0.354342 0.000000 -0.543306 0.269687 0.761091 0.000000 0.000000 0.000000 0.000000 1.000000
0.661289 -0.281321 -0.526733 0.000000 0.000000 0.714751 -0.534087 0.000000 0.526733 0.353186 0.661289 0.000000 0.000000 0.000000 0.000000 1.000000
0.764439 0.176742 0.563145 0.000000 0.000000 0.901499 -0.313848 0.000000 -0.563145 0.239918 0.764439 0.000000 0.000000 0.000000 0.000000 1.000000
0.281541 0.091762 -0.954724 0.000000 0.000000 0.990762 0.096114 0.000000 0.954724 -0.027060 0.281541 0.000000 0.000000 0.000000 0.000000 1.000000
0.500895 -0.177176 0.839374 0.000000 0.000000 0.955445 0.211081 0.000000 -0.839374 -0.105729 0.500895 0.000000 0.000000 0.000000 0.000000 1.000000
0.588638 -0.185555 -0.771820 0.000000 0.000000 0.942202 -0.240412 0.000000 0.771820 0.141516 0.588638 0.000000 0.000000 0.000000 0.000000 1.000000
0.609403 -0.004144 0.792843 0.000000 0.000000 0.999973 0.005226 0.000000 -0.792843 -0.003185 0.609403 0.000000 0.000000 0.000000 0.000000 1.000000
0.036905 0.458851 -0.834406 0.000000 0.000000 0.697595 0.549914 0.000000 0.834406 -0.020295 0.036905 0.000000 0.000000 0.000000 0.000000 1.000000
0.342497 -0.412544 0.773420 0.000000 0.000000 0.715483 0.533401 0.000000 -0.773420 -0.182688 0.342497 0.000000 0.000000 0.000000 0.000000 1.000000
